XH3
H 7 areas 1 global symbols
M EFORTH
O -mstm8
S .__.ABS. Def000000
A _CODE size 0 flags 0 addr 0
A DATA size 0 flags 8 addr 0
A DATA0 size 0 flags 8 addr 0
A SSEG size 0 flags 8 addr 0
A SSEG1 size 100 flags 8 addr 1700
A HOME size 80 flags 0 addr 0
A CODE size 2300 flags 0 addr 0
T 00 00 00
R 00 00 00 02
T 00 17 00
R 00 00 00 04
T 00 17 00
R 00 00 00 04
T 00 00 00 82 00 00 16 82 00 00 00 82
R 00 00 00 05 90 04 00 06 90 08 00 06
T 00 00 09 00 00 00 82 00 00 00 82
R 00 00 00 05 90 03 00 06 90 07 00 06
T 00 00 11 00 00 00 82 00 00 00 82
R 00 00 00 05 90 03 00 06 90 07 00 06
T 00 00 19 00 00 00 82 00 00 00 82
R 00 00 00 05 90 03 00 06 90 07 00 06
T 00 00 21 00 00 00 82 00 00 00 82
R 00 00 00 05 90 03 00 06 90 07 00 06
T 00 00 29 00 00 00 82 00 00 00 82
R 00 00 00 05 90 03 00 06 90 07 00 06
T 00 00 31 00 00 00 82 00 00 00 82
R 00 00 00 05 90 03 00 06 90 07 00 06
T 00 00 39 00 00 00 82 00 00 00 82
R 00 00 00 05 90 03 00 06 90 07 00 06
T 00 00 41 00 00 00 82 00 00 00 82
R 00 00 00 05 90 03 00 06 90 07 00 06
T 00 00 49 00 00 00 82 00 00 00 82
R 00 00 00 05 90 03 00 06 90 07 00 06
T 00 00 51 00 00 00 82 00 00 00 82
R 00 00 00 05 90 03 00 06 90 07 00 06
T 00 00 59 00 00 00 82 00 00 00 82
R 00 00 00 05 90 03 00 06 90 07 00 06
T 00 00 61 00 00 00 82 00 00 05 82
R 00 00 00 05 90 03 00 06 90 07 00 06
T 00 00 69 00 00 00 82 00 00 00 82
R 00 00 00 05 90 03 00 06 90 07 00 06
T 00 00 71 00 00 00 82 00 00 00 82
R 00 00 00 05 90 03 00 06 90 07 00 06
T 00 00 79 00 00 00 82 00 00 00
R 00 00 00 05 90 03 00 06 90 07 00 06
T 00 00 00
R 00 00 00 06
T 00 00 00 A6 80 C7 50 D1
R 00 00 00 06
T 00 00 05
R 00 00 00 06
T 00 00 05 72 5F 53 42 BE 2E 5C BF 2E BE 30 27 03
R 00 00 00 06
T 00 00 12 5A BF 30
R 00 00 00 06
T 00 00 15
R 00 00 00 06
T 00 00 15 80
R 00 00 00 06
T 00 00 16
R 00 00 00 06
T 00 00 16 AE 00 00
R 00 00 00 06
T 00 00 19
R 00 00 00 06
T 00 00 19 7F 5C A3 07 FF 23 F9 AE 07 FF 94 3C 37
R 00 00 00 06
T 00 00 26 3C 39 CC 00 47
R 00 00 00 06 00 06 00 06
T 00 00 2B
R 00 00 00 06
T 00 00 2B 00 0A 00 00 00 00 00 00 07 00 12 ED
R 00 00 00 06 00 0D 00 06
T 00 00 37 00 00 22 D5 00 80 23 00
R 00 00 00 06 00 05 00 06 00 09 00 06
T 00 00 3F 22 D5 00 00 00 00 00 00
R 00 00 00 06 00 03 00 06
T 00 00 47
R 00 00 00 06
T 00 00 47 AE 07 FF 94 BF 2C AE 06 80 BF 2A 72 10
R 00 00 00 06
T 00 00 54 50 12 72 10 50 13 72 10 50 11 72 10
R 00 00 00 06
T 00 00 60 50 0F
R 00 00 00 06
T 00 00 62
R 00 00 00 06
T 00 00 62 72 5F 50 C6 72 12 50 C5 A6 B4 C7 50 C4
R 00 00 00 06
T 00 00 6F C1 50 C3 26 FB
R 00 00 00 06
T 00 00 74
R 00 00 00 06
T 00 00 74 72 16 50 C7 72 1A 50 11 72 1A 50 12 72
R 00 00 00 06
T 00 00 81 1A 50 13 35 0B 52 43 35 08 52 42 35 0C
R 00 00 00 06
T 00 00 8E 52 45 35 07 53 45 35 7D 53 46 35 05
R 00 00 00 06
T 00 00 9A 53 40 72 10 53 41 A6 3F C4 7F 75 AA C0
R 00 00 00 06
T 00 00 A7 C7 7F 75 9A CC 19 F2 00 00 03 42 59 45
R 00 00 00 06 00 08 00 06
T 00 00 B4
R 00 00 00 06
T 00 00 B4 8E 81 00 B0 02 45 49
R 00 00 00 06 00 05 00 06
T 00 00 BB
R 00 00 00 06
T 00 00 BB 9A 81 00 B8 02 44 49
R 00 00 00 06 00 05 00 06
T 00 00 C2
R 00 00 00 06
T 00 00 C2 9B 81 00 BF 07 53 45 54 2D 49 53 50
R 00 00 00 06 00 05 00 06
T 00 00 CE
R 00 00 00 06
T 00 00 CE 90 93 90 FE A6 04 90 62 A4 03 48 72 A9
R 00 00 00 06
T 00 00 DB 7F 70 FF 90 5F 90 97 1D 00 02 FF 90 93
R 00 00 00 06
T 00 00 E8 90 EE 02 90 F6 1D 00 02 FF CD 05 03 CD
R 00 00 00 06 00 0D 00 06
T 00 00 F5 03 B4 00 03 CD 04 E9 CD
R 00 00 00 06 00 03 00 06 00 08 00 06
T 00 00 FD 09 EC CD 06 EE CD
R 00 00 00 06 00 03 00 06 00 06 00 06
T 00 01 03 05 25 CD 04 A2 CD
R 00 00 00 06 00 03 00 06 00 06 00 06
T 00 01 09 06 94 CD 04 E9 CD
R 00 00 00 06 00 03 00 06 00 06 00 06
T 00 01 0F 09 EC CD 04 83 CD
R 00 00 00 06 00 03 00 06 00 06 00 06
T 00 01 15 05 39 CD 04 E9 CD
R 00 00 00 06 00 03 00 06 00 06 00 06
T 00 01 1B 04 3F 00 C6 07 41 55 54 4F 52 55 4E
R 00 00 00 06 00 03 00 06 00 05 00 06
T 00 01 27
R 00 00 00 06
T 00 01 27 CD 10 B2 CD 04 D9 CD
R 00 00 00 06 00 04 00 06 00 07 00 06
T 00 01 2E 03 E7 02 0D CD
R 00 00 00 06 00 03 00 06 00 05 00 06
T 00 01 33 11 AF CD 06 83 CD
R 00 00 00 06 00 03 00 06 00 06 00 06
T 00 01 39 03 E7 02 0D CD
R 00 00 00 06 00 03 00 06 00 05 00 06
T 00 01 3E 04 CF 1D 00 04 90 5F FF 90 AE 40 02 EF
R 00 00 00 06 00 03 00 06
T 00 01 4B 02 CC 1C C8 01 1F 06 46 4F 52 47 45 54
R 00 00 00 06 00 05 00 06 00 07 00 06
T 00 01 58
R 00 00 00 06
T 00 01 58 CD 10 B2 CD 04 D9 CD
R 00 00 00 06 00 04 00 06 00 07 00 06
T 00 01 5F 03 E7 02 0D CD
R 00 00 00 06 00 03 00 06 00 05 00 06
T 00 01 64 11 AF CD 06 83 CD
R 00 00 00 06 00 03 00 06 00 06 00 06
T 00 01 6A 03 E7 02 0D CD
R 00 00 00 06 00 03 00 06 00 05 00 06
T 00 01 6F 04 D9 CD 03 B4
R 00 00 00 06 00 03 00 06 00 06 00 06
T 00 01 74 23 00 CD 04 E9 CD
R 00 00 00 06 00 03 00 06 00 06 00 06
T 00 01 7A 07 94 CD 03 E7
R 00 00 00 06 00 03 00 06 00 06 00 06
T 00 01 7F 01 CF CD 04 E9 CD
R 00 00 00 06 00 03 00 06 00 06 00 06
T 00 01 85 1E B9
R 00 00 00 06 00 03 00 06
T 00 01 87
R 00 00 00 06
T 00 01 87 CD 06 45 CD 04 32 CD
R 00 00 00 06 00 04 00 06 00 07 00 06
T 00 01 8E 04 D9 CD 02 23 CD
R 00 00 00 06 00 03 00 06 00 06 00 06
T 00 01 94 04 D9 CD 03 B4 00 02 CD
R 00 00 00 06 00 03 00 06 00 06 00 06
T 00 01 9C 07 4D CD 04 32 CD
R 00 00 00 06 00 03 00 06 00 06 00 06
T 00 01 A2 04 D9 CD 06 19 CD
R 00 00 00 06 00 03 00 06 00 06 00 06
T 00 01 A8 04 1B CD 06 45 CD
R 00 00 00 06 00 03 00 06 00 06 00 06
T 00 01 AE 04 1B CD 05 03 CD
R 00 00 00 06 00 03 00 06 00 06 00 06
T 00 01 B4 07 75 CD 03 E7
R 00 00 00 06 00 03 00 06 00 06 00 06
T 00 01 B9 01 87 CD 03 B4 00 02 CD
R 00 00 00 06 00 03 00 06 00 06 00 06
T 00 01 C1 07 4D CD 06 35 CD
R 00 00 00 06 00 03 00 06 00 06 00 06
T 00 01 C7 04 1B CD 1B 1E CC
R 00 00 00 06 00 03 00 06 00 06 00 06
T 00 01 CD 1A F5
R 00 00 00 06 00 03 00 06
T 00 01 CF
R 00 00 00 06
T 00 01 CF 1D 00 02 90 BE 2A FF CD 07 94 CD 03 E7
R 00 00 00 06 00 0B 00 06 00 0E 00 06
T 00 01 DC 01 FF CD 12 BB 1D 20 46 6F 72 20 52 41
R 00 00 00 06 00 03 00 06 00 06 00 06
T 00 01 E9 4D 20 64 65 66 69 6E 69 74 69 6F 6E 20
R 00 00 00 06
T 00 01 F6 64 6F 20 52 45 42 4F 4F 54
R 00 00 00 06
T 00 01 FF
R 00 00 00 06
T 00 01 FF CD 12 BB 0A 20 50 72 6F 74 65 63 74 65
R 00 00 00 06 00 04 00 06
T 00 02 0C 64
R 00 00 00 06
T 00 02 0D
R 00 00 00 06
T 00 02 0D CD 12 BB 05 20 77 68 61 74
R 00 00 00 06 00 04 00 06
T 00 02 16
R 00 00 00 06
T 00 02 16 CC 04 CF 01 51 07 46 52 45 45 56 41 52
R 00 00 00 06 00 04 00 06 00 06 00 06
T 00 02 23
R 00 00 00 06
T 00 02 23 CD 04 D9 CD 04 50 CD
R 00 00 00 06 00 04 00 06 00 07 00 06
T 00 02 2A 09 CE CD 06 D4 CD
R 00 00 00 06 00 03 00 06 00 06 00 06
T 00 02 30 09 CE CD 04 D9 CD
R 00 00 00 06 00 03 00 06 00 06 00 06
T 00 02 36 04 32 CD 03 B4
R 00 00 00 06 00 03 00 06 00 06 00 06
T 00 02 3B 05 86 CD 07 75 CD
R 00 00 00 06 00 03 00 06 00 06 00 06
T 00 02 41 03 E7 02 59 CD
R 00 00 00 06 00 03 00 06 00 05 00 06
T 00 02 46 03 B4 00 02 CD 06 D4 CD
R 00 00 00 06 00 03 00 06 00 08 00 06
T 00 02 4E 04 32 CD 06 27 CD
R 00 00 00 06 00 03 00 06 00 06 00 06
T 00 02 54 04 1B CC 1B 35
R 00 00 00 06 00 03 00 06 00 06 00 06
T 00 02 59
R 00 00 00 06
T 00 02 59 CC 04 CF 02 1B 04 53 45 45 44
R 00 00 00 06 00 04 00 06 00 06 00 06
T 00 02 63
R 00 00 00 06
T 00 02 63 90 93 1C 00 02 90 FE 90 9E B7 36 90 9F
R 00 00 00 06
T 00 02 70 B7 38 81 02 5E 06 52 41 4E 44 4F 4D
R 00 00 00 06 00 06 00 06
T 00 02 7C
R 00 00 00 06
T 00 02 7C 52 02 1F 01 90 93 90 FE 90 BF 24 BE 36
R 00 00 00 06
T 00 02 89 58 58 58 58 58 9E B8 36 B7 22 9F B8 37
R 00 00 00 06
T 00 02 96 B7 23 BE 38 BF 36 54 9E B8 38 B7 38 9F
R 00 00 00 06
T 00 02 A3 B8 39 B7 39 BE 22 54 54 54 9E B8 22 95
R 00 00 00 06
T 00 02 B0 9F B8 23 97 B8 39 97 9E B8 38 95 BF 38
R 00 00 00 06
T 00 02 BD 90 BE 24 65 1E 01 FF 5B 02 81 02 75 04
R 00 00 00 06 00 0D 00 06
T 00 02 CA 4D 53 45 43
R 00 00 00 06
T 00 02 CE
R 00 00 00 06
T 00 02 CE 1D 00 02 90 BE 2E FF 81 02 C9 05 50 41
R 00 00 00 06 00 0B 00 06
T 00 02 DB 55 53 45
R 00 00 00 06
T 00 02 DE
R 00 00 00 06
T 00 02 DE 90 93 90 FE 72 B9 00 2E 8F 90 B3 2E 26
R 00 00 00 06
T 00 02 EB FA 1C 00 02 81 02 D8 05 54 49 4D 45 52
R 00 00 00 06 00 08 00 06
T 00 02 F8
R 00 00 00 06
T 00 02 F8 90 93 90 FE 90 BF 30 1C 00 02 81 02 F2
R 00 00 00 06 00 0E 00 06
T 00 03 05 08 54 49 4D 45 4F 55 54 3F
R 00 00 00 06
T 00 03 0E
R 00 00 00 06
T 00 03 0E 4F 1D 00 02 90 BE 30 26 01 43 E7 01 F7
R 00 00 00 06
T 00 03 1B 81 03 05 06 52 45 42 4F 4F 54
R 00 00 00 06 00 04 00 06
T 00 03 25
R 00 00 00 06
T 00 03 25 CC 00 00 03 1E 08 54 4F 2D 46 4C 41 53
R 00 00 00 06 00 04 00 06 00 06 00 06
T 00 03 32 48
R 00 00 00 06
T 00 03 33
R 00 00 00 06
T 00 03 33 CD 06 58 CD 04 32 CD
R 00 00 00 06 00 04 00 06 00 07 00 06
T 00 03 3A 06 83 CD 03 E7
R 00 00 00 06 00 03 00 06 00 06 00 06
T 00 03 3F 03 62 CD 12 BB 1D 20 4E 6F 74 20 77 68
R 00 00 00 06 00 03 00 06 00 06 00 06
T 00 03 4C 69 6C 65 20 64 65 66 69 6E 69 74 69 6F
R 00 00 00 06
T 00 03 59 6E 73 20 69 6E 20 52 41 4D 90 AE FF FF
R 00 00 00 06
T 00 03 66 90 BF 1E 81 03 2A 06 54 4F 2D 52 41 4D
R 00 00 00 06 00 07 00 06
T 00 03 73
R 00 00 00 06
T 00 03 73 90 5F 90 BF 1E 81 03 6C 04 3F 4B 45 59
R 00 00 00 06 00 09 00 06
T 00 03 80
R 00 00 00 06
T 00 03 80 90 5F 72 0B 52 40 0B C6 52 41 1D 00 02
R 00 00 00 06
T 00 03 8D E7 01 7F 90 53
R 00 00 00 06
T 00 03 92
R 00 00 00 06
T 00 03 92 1D 00 02 FF 81 03 7B 04 45 4D 49 54
R 00 00 00 06 00 08 00 06
T 00 03 9E
R 00 00 00 06
T 00 03 9E E6 01 1C 00 02 72 0F 52 40 FB C7 52 41
R 00 00 00 06
T 00 03 AB 81 03 99 45 44 4F 4C 49 54
R 00 00 00 06 00 04 00 06
T 00 03 B4
R 00 00 00 06
T 00 03 B4 1D 00 02 16 01 90 FE FF 90 85 90 EC 02
R 00 00 00 06
T 00 03 C1 03 AE 44 6E 65 78 74
R 00 00 00 06 00 03 00 06
T 00 03 C8
R 00 00 00 06
T 00 03 C8 16 03 90 5A 2A 07 90 85 5B 02 90 EC 02
R 00 00 00 06
T 00 03 D5
R 00 00 00 06
T 00 03 D5 17 03 90 85 90 FE 90 FC 03 C3 47 3F 42
R 00 00 00 06 00 0B 00 06
T 00 03 E2 52 41 4E 43 48
R 00 00 00 06
T 00 03 E7
R 00 00 00 06
T 00 03 E7 90 93 1C 00 02 90 FE 27 0E 90 85 90 EC
R 00 00 00 06
T 00 03 F4 02 03 DF 46 42 52 41 4E 43 48
R 00 00 00 06 00 04 00 06
T 00 03 FE
R 00 00 00 06
T 00 03 FE 90 85 90 FE 90 FC 03 F7 07 45 58 45 43
R 00 00 00 06 00 09 00 06
T 00 04 0B 55 54 45
R 00 00 00 06
T 00 04 0E
R 00 00 00 06
T 00 04 0E 90 93 1C 00 02 90 FE 90 FC 04 06 01 21
R 00 00 00 06 00 0C 00 06
T 00 04 1B
R 00 00 00 06
T 00 04 1B 90 93 90 FE 90 BF 24 90 93 90 EE 02 91
R 00 00 00 06
T 00 04 28 CF 24 1C 00 04 81 04 19 01 40
R 00 00 00 06 00 09 00 06
T 00 04 32
R 00 00 00 06
T 00 04 32 90 93 90 FE 90 FE FF 81 04 30 02 43 21
R 00 00 00 06 00 0B 00 06
T 00 04 3F
R 00 00 00 06
T 00 04 3F 90 93 90 FE E6 03 90 F7 1C 00 04 81
R 00 00 00 06
T 00 04 4B 04 3C 02 43 40
R 00 00 00 06 00 03 00 06
T 00 04 50
R 00 00 00 06
T 00 04 50 90 93 90 FE 90 F6 E7 01 7F 81 04 4D 03
R 00 00 00 06 00 0D 00 06
T 00 04 5D 52 50 40
R 00 00 00 06
T 00 04 60
R 00 00 00 06
T 00 04 60 90 96 1D 00 02 FF 81 04 5C 43 52 50 21
R 00 00 00 06 00 0A 00 06
T 00 04 6D
R 00 00 00 06
T 00 04 6D 90 85 90 BF 24 90 93 90 FE 90 94 1C
R 00 00 00 06
T 00 04 79 00 02 92 CC 24 04 69 42 52 3E
R 00 00 00 06 00 08 00 06
T 00 04 83
R 00 00 00 06
T 00 04 83 90 85 90 BF 24 90 85 1D 00 02 FF 92 CC
R 00 00 00 06
T 00 04 90 24 04 80 02 52 40
R 00 00 00 06 00 04 00 06
T 00 04 96
R 00 00 00 06
T 00 04 96 16 03 1D 00 02 FF 81 04 93 42 3E 52
R 00 00 00 06 00 0A 00 06
T 00 04 A2
R 00 00 00 06
T 00 04 A2 90 85 90 BF 24 90 93 90 FE 90 89 1C
R 00 00 00 06
T 00 04 AE 00 02 92 CC 24 04 9F 03 53 50 40
R 00 00 00 06 00 08 00 06
T 00 04 B9
R 00 00 00 06
T 00 04 B9 90 93 1D 00 02 FF 81 04 B5 03 53 50 21
R 00 00 00 06 00 0A 00 06
T 00 04 C6
R 00 00 00 06
T 00 04 C6 FE 81 04 C2 04 44 52 4F 50
R 00 00 00 06 00 05 00 06
T 00 04 CF
R 00 00 00 06
T 00 04 CF 1C 00 02 81 04 CA 03 44 55 50
R 00 00 00 06 00 07 00 06
T 00 04 D9
R 00 00 00 06
T 00 04 D9 90 93 1D 00 02 90 FE FF 81 04 D5 04 53
R 00 00 00 06 00 0C 00 06
T 00 04 E6 57 41 50
R 00 00 00 06
T 00 04 E9
R 00 00 00 06
T 00 04 E9 90 93 90 FE 90 BF 24 90 93 90 EE 02 FF
R 00 00 00 06
T 00 04 F6 90 BE 24 EF 02 81 04 E4 04 4F 56 45 52
R 00 00 00 06 00 09 00 06
T 00 05 03
R 00 00 00 06
T 00 05 03 1D 00 02 90 93 90 EE 04 FF 81 04 FE 02
R 00 00 00 06 00 0D 00 06
T 00 05 10 30 3C
R 00 00 00 06
T 00 05 12
R 00 00 00 06
T 00 05 12 A6 FF 90 93 90 FE 2B 01 4F F7 E7 01 81
R 00 00 00 06
T 00 05 1F 05 0F 03 41 4E 44
R 00 00 00 06 00 03 00 06
T 00 05 25
R 00 00 00 06
T 00 05 25 F6 E4 02 E7 02 E6 01 E4 03 E7 03 1C
R 00 00 00 06
T 00 05 31 00 02 81 05 21 02 4F 52
R 00 00 00 06 00 06 00 06
T 00 05 39
R 00 00 00 06
T 00 05 39 F6 EA 02 E7 02 E6 01 EA 03 E7 03 1C
R 00 00 00 06
T 00 05 45 00 02 81 05 36 03 58 4F 52
R 00 00 00 06 00 06 00 06
T 00 05 4E
R 00 00 00 06
T 00 05 4E F6 E8 02 E7 02 E6 01 E8 03 E7 03 1C
R 00 00 00 06
T 00 05 5A 00 02 81 05 4A 03 55 4D 2B
R 00 00 00 06 00 06 00 06
T 00 05 63
R 00 00 00 06
T 00 05 63 A6 01 90 93 90 EE 02 90 BF 24 90 93 90
R 00 00 00 06
T 00 05 70 FE 72 B9 00 24 EF 02 25 01 4F E7 01 7F
R 00 00 00 06
T 00 05 7D 81 05 5F 45 44 4F 56 41 52
R 00 00 00 06 00 04 00 06
T 00 05 86
R 00 00 00 06
T 00 05 86 1D 00 02 90 85 90 FE FF 81 05 80 04 42
R 00 00 00 06 00 0C 00 06
T 00 05 93 41 53 45
R 00 00 00 06
T 00 05 96
R 00 00 00 06
T 00 05 96 90 AE 00 06 1D 00 02 FF 81 05 91 03 54
R 00 00 00 06 00 0C 00 06
T 00 05 A3 4D 50
R 00 00 00 06
T 00 05 A5
R 00 00 00 06
T 00 05 A5 90 AE 00 08 1D 00 02 FF 81 05 A1 03 3E
R 00 00 00 06 00 0C 00 06
T 00 05 B2 49 4E
R 00 00 00 06
T 00 05 B4
R 00 00 00 06
T 00 05 B4 90 AE 00 0A 1D 00 02 FF 81 05 B0 04 23
R 00 00 00 06 00 0C 00 06
T 00 05 C1 54 49 42
R 00 00 00 06
T 00 05 C4
R 00 00 00 06
T 00 05 C4 90 AE 00 0C 1D 00 02 FF 81 05 BF 04 54
R 00 00 00 06 00 0C 00 06
T 00 05 D1 42 55 46
R 00 00 00 06
T 00 05 D4
R 00 00 00 06
T 00 05 D4 90 AE 06 80 1D 00 02 FF 81 05 CF 06 54
R 00 00 00 06 00 0C 00 06
T 00 05 E1 46 4C 41 53 48
R 00 00 00 06
T 00 05 E6
R 00 00 00 06
T 00 05 E6 1D 00 02 90 AE 00 1E FF 81 05 DF 05 27
R 00 00 00 06 00 0C 00 06
T 00 05 F3 45 56 41 4C
R 00 00 00 06
T 00 05 F7
R 00 00 00 06
T 00 05 F7 90 AE 00 10 1D 00 02 FF 81 05 F1 03 48
R 00 00 00 06 00 0C 00 06
T 00 06 04 4C 44
R 00 00 00 06
T 00 06 06
R 00 00 00 06
T 00 06 06 90 AE 00 12 1D 00 02 FF 81 06 02 07 43
R 00 00 00 06 00 0C 00 06
T 00 06 13 4F 4E 54 45 58 54
R 00 00 00 06
T 00 06 19
R 00 00 00 06
T 00 06 19 90 AE 00 14 1D 00 02 FF 81 06 11 02 56
R 00 00 00 06 00 0C 00 06
T 00 06 26 50
R 00 00 00 06
T 00 06 27
R 00 00 00 06
T 00 06 27 90 AE 00 16 1D 00 02 FF 81 06 24 02 43
R 00 00 00 06 00 0C 00 06
T 00 06 34 50
R 00 00 00 06
T 00 06 35
R 00 00 00 06
T 00 06 35 90 AE 00 18 1D 00 02 FF 81 06 32 04 4C
R 00 00 00 06 00 0C 00 06
T 00 06 42 41 53 54
R 00 00 00 06
T 00 06 45
R 00 00 00 06
T 00 06 45 90 AE 00 1A 1D 00 02 FF 81 06 40 07 52
R 00 00 00 06 00 0C 00 06
T 00 06 52 41 4D 4C 41 53 54
R 00 00 00 06
T 00 06 58
R 00 00 00 06
T 00 06 58 90 AE 00 20 1D 00 02 FF 81 06 50 06 4F
R 00 00 00 06 00 0C 00 06
T 00 06 65 46 46 53 45 54
R 00 00 00 06
T 00 06 6A
R 00 00 00 06
T 00 06 6A 1D 00 02 90 AE 00 1C FF 81
R 00 00 00 06
T 00 06 73
R 00 00 00 06
T 00 06 73 CD 06 6A CD 04 32 CC
R 00 00 00 06 00 04 00 06 00 07 00 06
T 00 06 7A 06 D4 06 63 04 3F 44 55 50
R 00 00 00 06 00 03 00 06 00 05 00 06
T 00 06 83
R 00 00 00 06
T 00 06 83 90 93 90 FE 27 04 1D 00 02 FF 81 06 7E
R 00 00 00 06 00 0E 00 06
T 00 06 90 03 52 4F 54
R 00 00 00 06
T 00 06 94
R 00 00 00 06
T 00 06 94 90 93 90 FE 90 89 90 93 90 EE 04 FF 90
R 00 00 00 06
T 00 06 A1 93 90 EE 02 EF 04 90 85 EF 02 81 06 90
R 00 00 00 06 00 0E 00 06
T 00 06 AE 05 32 44 52 4F 50
R 00 00 00 06
T 00 06 B4
R 00 00 00 06
T 00 06 B4 1C 00 04 81 06 AE 04 32 44 55 50
R 00 00 00 06 00 07 00 06
T 00 06 BF
R 00 00 00 06
T 00 06 BF 1D 00 04 90 93 90 EE 06 EF 02 90 93 90
R 00 00 00 06
T 00 06 CC EE 04 FF 81 06 BA 01 2B
R 00 00 00 06 00 07 00 06
T 00 06 D4
R 00 00 00 06
T 00 06 D4 90 93 90 FE 90 BF 24 1C 00 02 90 93 90
R 00 00 00 06
T 00 06 E1 FE 72 B9 00 24 FF 81 06 D2 03 4E 4F 54
R 00 00 00 06 00 0A 00 06
T 00 06 EE
R 00 00 00 06
T 00 06 EE 90 93 90 FE 90 53 FF 81 06 EA 06 4E 45
R 00 00 00 06 00 0B 00 06
T 00 06 FB 47 41 54 45
R 00 00 00 06
T 00 06 FF
R 00 00 00 06
T 00 06 FF 90 93 90 FE 90 50 FF 81 06 F8 07 44 4E
R 00 00 00 06 00 0B 00 06
T 00 07 0C 45 47 41 54 45
R 00 00 00 06
T 00 07 11
R 00 00 00 06
T 00 07 11 90 93 90 FE 90 53 90 BF 24 90 93 90 EE
R 00 00 00 06
T 00 07 1E 02 90 53 72 A9 00 01 EF 02 90 BE 24 24
R 00 00 00 06
T 00 07 2B 02 90 5C FF 81 07 09 03 53 3E 44
R 00 00 00 06 00 08 00 06
T 00 07 36
R 00 00 00 06
T 00 07 36 1D 00 02 90 5F FF 90 93 90 EE 02 2A 05
R 00 00 00 06
T 00 07 43 90 AE FF FF FF 81 07 32 01 2D
R 00 00 00 06 00 09 00 06
T 00 07 4D
R 00 00 00 06
T 00 07 4D 90 93 90 FE 90 BF 24 1C 00 02 90 93 90
R 00 00 00 06
T 00 07 5A FE 72 B2 00 24 FF 81 07 4B 03 41 42 53
R 00 00 00 06 00 0A 00 06
T 00 07 67
R 00 00 00 06
T 00 07 67 90 93 90 FE 2A 03 90 50 FF 81 07 63 01
R 00 00 00 06 00 0D 00 06
T 00 07 74 3D
R 00 00 00 06
T 00 07 75
R 00 00 00 06
T 00 07 75 A6 FF 90 93 90 FE 90 BF 24 1C 00 02 90
R 00 00 00 06
T 00 07 82 93 90 FE 90 B3 24 27 01 4F F7 E7 01 81
R 00 00 00 06
T 00 07 8F 07 73 02 55 3C
R 00 00 00 06 00 03 00 06
T 00 07 94
R 00 00 00 06
T 00 07 94 A6 FF 90 93 90 FE 90 BF 24 1C 00 02 90
R 00 00 00 06
T 00 07 A1 93 90 FE 90 B3 24 25 01 4F F7 E7 01 81
R 00 00 00 06
T 00 07 AE 07 91 01 3C
R 00 00 00 06 00 03 00 06
T 00 07 B2
R 00 00 00 06
T 00 07 B2 A6 FF 90 93 90 FE 90 BF 24 1C 00 02 90
R 00 00 00 06
T 00 07 BF 93 90 FE 90 B3 24 2F 01 4F F7 E7 01 81
R 00 00 00 06
T 00 07 CC 07 B0 03 4D 41 58
R 00 00 00 06 00 03 00 06
T 00 07 D2
R 00 00 00 06
T 00 07 D2 90 93 90 EE 02 90 BF 24 90 93 90 FE 90
R 00 00 00 06
T 00 07 DF B3 24 2F 02 EF 02 1C 00 02 81 07 CE 03
R 00 00 00 06 00 0D 00 06
T 00 07 EC 4D 49 4E
R 00 00 00 06
T 00 07 EF
R 00 00 00 06
T 00 07 EF 90 93 90 EE 02 90 BF 24 90 93 90 FE 90
R 00 00 00 06
T 00 07 FC B3 24 2C 02 EF 02 1C 00 02 81 07 EB 06
R 00 00 00 06 00 0D 00 06
T 00 08 09 57 49 54 48 49 4E
R 00 00 00 06
T 00 08 0F
R 00 00 00 06
T 00 08 0F CD 05 03 CD 07 4D CD
R 00 00 00 06 00 04 00 06 00 07 00 06
T 00 08 16 04 A2 CD 07 4D CD
R 00 00 00 06 00 03 00 06 00 06 00 06
T 00 08 1C 04 83 CC 07 94
R 00 00 00 06 00 03 00 06 00 06 00 06
T 00 08 21 08 08 06 55 4D 2F 4D 4F 44
R 00 00 00 06 00 03 00 06
T 00 08 2A
R 00 00 00 06
T 00 08 2A BF 22 FE BF 24 90 BE 22 90 EE 04 BE 22
R 00 00 00 06
T 00 08 37 EE 02 B3 24 23 0F BE 22 1C 00 02 90 AE
R 00 00 00 06
T 00 08 44 FF FF FF 90 5F EF 02 81
R 00 00 00 06
T 00 08 4C
R 00 00 00 06
T 00 08 4C 5D 26 11 93 90 BE 24 65 89 BE 22 1C
R 00 00 00 06
T 00 08 58 00 02 EF 02 90 85 FF 81
R 00 00 00 06
T 00 08 60
R 00 00 00 06
T 00 08 60 A6 11
R 00 00 00 06
T 00 08 62
R 00 00 00 06
T 00 08 62 B3 24 25 04 72 B0 00 24
R 00 00 00 06
T 00 08 6A
R 00 00 00 06
T 00 08 6A 8C 90 59 59 4A 22 F1 56 BF 24 BE 22 1C
R 00 00 00 06
T 00 08 77 00 02 FF 90 BE 24 EF 02 81 08 23 05 4D
R 00 00 00 06 00 0C 00 06
T 00 08 84 2F 4D 4F 44
R 00 00 00 06
T 00 08 88
R 00 00 00 06
T 00 08 88 CD 04 D9 CD 05 12 CD
R 00 00 00 06 00 04 00 06 00 07 00 06
T 00 08 8F 04 D9 CD 04 A2 CD
R 00 00 00 06 00 03 00 06 00 06 00 06
T 00 08 95 03 E7 08 A5 CD
R 00 00 00 06 00 03 00 06 00 05 00 06
T 00 08 9A 06 FF CD 04 A2 CD
R 00 00 00 06 00 03 00 06 00 06 00 06
T 00 08 A0 07 11 CD 04 83 CD
R 00 00 00 06 00 03 00 06 00 06 00 06
T 00 08 A6 04 A2 CD 04 D9 CD
R 00 00 00 06 00 03 00 06 00 06 00 06
T 00 08 AC 05 12 CD 03 E7
R 00 00 00 06 00 03 00 06 00 06 00 06
T 00 08 B1 08 B9 CD 04 96 CD
R 00 00 00 06 00 03 00 06 00 06 00 06
T 00 08 B7 06 D4 CD 04 83 CD
R 00 00 00 06 00 03 00 06 00 06 00 06
T 00 08 BD 08 2A CD 04 83 CD
R 00 00 00 06 00 03 00 06 00 06 00 06
T 00 08 C3 03 E7 08 D0 CD
R 00 00 00 06 00 03 00 06 00 05 00 06
T 00 08 C8 04 E9 CD 06 FF CD
R 00 00 00 06 00 03 00 06 00 06 00 06
T 00 08 CE 04 E9 81 08 82 04 2F 4D 4F 44
R 00 00 00 06 00 03 00 06 00 06 00 06
T 00 08 D8
R 00 00 00 06
T 00 08 D8 CD 05 03 CD 05 12 CD
R 00 00 00 06 00 04 00 06 00 07 00 06
T 00 08 DF 04 E9 CC 08 88
R 00 00 00 06 00 03 00 06 00 06 00 06
T 00 08 E4 08 D3 03 4D 4F 44
R 00 00 00 06 00 03 00 06
T 00 08 EA
R 00 00 00 06
T 00 08 EA CD 08 D8 CC 04 CF
R 00 00 00 06 00 04 00 06 00 07 00 06
T 00 08 F0 08 E6 01 2F
R 00 00 00 06 00 03 00 06
T 00 08 F4
R 00 00 00 06
T 00 08 F4 CD 08 D8 CD 04 E9 CC
R 00 00 00 06 00 04 00 06 00 07 00 06
T 00 08 FB 04 CF 08 F2 03 55 4D 2A
R 00 00 00 06 00 03 00 06 00 05 00 06
T 00 09 03
R 00 00 00 06
T 00 09 03 90 5F 90 89 90 89 E6 03 90 97 E6 01 90
R 00 00 00 06
T 00 09 10 42 17 03 E6 03 90 97 E6 00 90 42 72 F9
R 00 00 00 06
T 00 09 1D 02 4F 49 6B 01 17 02 E6 02 90 97 E6 01
R 00 00 00 06
T 00 09 2A 90 42 72 F9 02 4F 19 01 6B 01 17 02 E6
R 00 00 00 06
T 00 09 37 02 90 97 E6 00 90 42 72 F9 01 FF 16 03
R 00 00 00 06
T 00 09 44 EF 02 5B 04 81 08 FF 01 2A
R 00 00 00 06 00 08 00 06
T 00 09 4D
R 00 00 00 06
T 00 09 4D CD 09 03 CC 04 CF
R 00 00 00 06 00 04 00 06 00 07 00 06
T 00 09 53 09 4B 02 4D 2A
R 00 00 00 06 00 03 00 06
T 00 09 58
R 00 00 00 06
T 00 09 58 CD 06 BF CD 05 4E CD
R 00 00 00 06 00 04 00 06 00 07 00 06
T 00 09 5F 05 12 CD 04 A2 CD
R 00 00 00 06 00 03 00 06 00 06 00 06
T 00 09 65 07 67 CD 04 E9 CD
R 00 00 00 06 00 03 00 06 00 06 00 06
T 00 09 6B 07 67 CD 09 03 CD
R 00 00 00 06 00 03 00 06 00 06 00 06
T 00 09 71 04 83 CD 03 E7
R 00 00 00 06 00 03 00 06 00 06 00 06
T 00 09 76 09 7B CD 07 11 81
R 00 00 00 06 00 03 00 06 00 06 00 06
T 00 09 7C 09 55 05 2A 2F 4D 4F 44
R 00 00 00 06 00 03 00 06
T 00 09 84
R 00 00 00 06
T 00 09 84 CD 04 A2 CD 09 58 CD
R 00 00 00 06 00 04 00 06 00 07 00 06
T 00 09 8B 04 83 CC 08 88
R 00 00 00 06 00 03 00 06 00 06 00 06
T 00 09 90 09 7E 02 2A 2F
R 00 00 00 06 00 03 00 06
T 00 09 95
R 00 00 00 06
T 00 09 95 CD 09 84 CD 04 E9 CC
R 00 00 00 06 00 04 00 06 00 07 00 06
T 00 09 9C 04 CF 09 92 02 32 2B
R 00 00 00 06 00 03 00 06 00 05 00 06
T 00 09 A3
R 00 00 00 06
T 00 09 A3 90 93 90 FE 72 A9 00 02 FF 81 09 A0 02
R 00 00 00 06 00 0D 00 06
T 00 09 B0 32 2D
R 00 00 00 06
T 00 09 B2
R 00 00 00 06
T 00 09 B2 90 93 90 FE 72 A2 00 02 FF 81 09 AF 02
R 00 00 00 06 00 0D 00 06
T 00 09 BF 32 2A
R 00 00 00 06
T 00 09 C1
R 00 00 00 06
T 00 09 C1 90 93 90 FE 90 58 FF 81 09 BE 02 31 2B
R 00 00 00 06 00 0B 00 06
T 00 09 CE
R 00 00 00 06
T 00 09 CE 90 93 90 FE 90 5C FF 81 09 CB 02 31 2D
R 00 00 00 06 00 0B 00 06
T 00 09 DB
R 00 00 00 06
T 00 09 DB 90 93 90 FE 90 5A FF 81 09 D8 06 4C 53
R 00 00 00 06 00 0B 00 06
T 00 09 E8 48 49 46 54
R 00 00 00 06
T 00 09 EC
R 00 00 00 06
T 00 09 EC E6 01 1C 00 02 90 93 90 FE
R 00 00 00 06
T 00 09 F5
R 00 00 00 06
T 00 09 F5 4D 27 05 90 58 4A 20 F8
R 00 00 00 06
T 00 09 FD
R 00 00 00 06
T 00 09 FD FF 81 09 E5 06 52 53 48 49 46 54
R 00 00 00 06 00 05 00 06
T 00 0A 08
R 00 00 00 06
T 00 0A 08 E6 01 1C 00 02 90 93 90 FE
R 00 00 00 06
T 00 0A 11
R 00 00 00 06
T 00 0A 11 4D 27 05 90 54 4A 20 F8
R 00 00 00 06
T 00 0A 19
R 00 00 00 06
T 00 0A 19 FF 81 0A 01 02 32 2F
R 00 00 00 06 00 05 00 06
T 00 0A 20
R 00 00 00 06
T 00 0A 20 90 93 90 FE 90 57 FF 81 0A 1D 02 42 4C
R 00 00 00 06 00 0B 00 06
T 00 0A 2D
R 00 00 00 06
T 00 0A 2D 1D 00 02 90 AE 00 20 FF 81 0A 2A 01 30
R 00 00 00 06 00 0C 00 06
T 00 0A 3A
R 00 00 00 06
T 00 0A 3A 1D 00 02 90 5F FF 81 0A 38 01 31
R 00 00 00 06 00 0A 00 06
T 00 0A 45
R 00 00 00 06
T 00 0A 45 1D 00 02 90 AE 00 01 FF 81 0A 43 02 2D
R 00 00 00 06 00 0C 00 06
T 00 0A 52 31
R 00 00 00 06
T 00 0A 53
R 00 00 00 06
T 00 0A 53 1D 00 02 90 AE FF FF FF 81 0A 50 05 3E
R 00 00 00 06 00 0C 00 06
T 00 0A 60 43 48 41 52
R 00 00 00 06
T 00 0A 64
R 00 00 00 06
T 00 0A 64 E6 01 A1 20 2B 05 A1 7F 2A 01 81 A6 5F
R 00 00 00 06
T 00 0A 71 E7 01 81 0A 5E 05 44 45 50 54 48
R 00 00 00 06 00 06 00 06
T 00 0A 7C
R 00 00 00 06
T 00 0A 7C 90 BE 2A BF 22 72 B2 00 22 90 57 1D
R 00 00 00 06
T 00 0A 88 00 02 FF 81 0A 76 04 50 49 43 4B
R 00 00 00 06 00 07 00 06
T 00 0A 93
R 00 00 00 06
T 00 0A 93 90 93 90 FE 90 5C 90 58 BF 22 72 B9
R 00 00 00 06
T 00 0A 9F 00 22 90 FE FF 81 0A 8E 02 2B 21
R 00 00 00 06 00 09 00 06
T 00 0A AA
R 00 00 00 06
T 00 0A AA 90 93 90 FE 90 BF 24 90 FE 90 89 90 93
R 00 00 00 06
T 00 0A B7 90 EE 02 72 F9 01 91 CF 24 90 85 1C
R 00 00 00 06
T 00 0A C3 00 04 81 0A A7 02 32 21
R 00 00 00 06 00 06 00 06
T 00 0A CB
R 00 00 00 06
T 00 0A CB 90 93 90 FE 90 BF 24 1C 00 02 90 93 90
R 00 00 00 06
T 00 0A D8 FE 89 EE 02 91 CF 24 90 93 AE 00 02 92
R 00 00 00 06
T 00 0A E5 DF 24 85 1C 00 04 81 0A C8 02 32 40
R 00 00 00 06 00 0A 00 06
T 00 0A F1
R 00 00 00 06
T 00 0A F1 90 93 90 FE 90 BF 24 1D 00 02 91 CE 24
R 00 00 00 06
T 00 0A FE FF 90 AE 00 02 91 DE 24 EF 02 81 0A EE
R 00 00 00 06 00 0E 00 06
T 00 0B 0B 05 43 4F 55 4E 54
R 00 00 00 06
T 00 0B 11
R 00 00 00 06
T 00 0B 11 90 93 90 FE 90 F6 90 5C FF 1D 00 02 E7
R 00 00 00 06
T 00 0B 1E 01 7F 81 0B 0B 04 48 45 52 45
R 00 00 00 06 00 06 00 06
T 00 0B 28
R 00 00 00 06
T 00 0B 28 90 AE 00 16 90 FE 1D 00 02 FF 81 0B 23
R 00 00 00 06 00 0E 00 06
T 00 0B 35 03 50 41 44
R 00 00 00 06
T 00 0B 39
R 00 00 00 06
T 00 0B 39 CD 0B 28 CD 03 B4 00 50 CC
R 00 00 00 06 00 04 00 06 00 07 00 06
T 00 0B 42 06 D4 0B 35 03 54 49 42
R 00 00 00 06 00 03 00 06 00 05 00 06
T 00 0B 4A
R 00 00 00 06
T 00 0B 4A CD 05 C4 CD 09 A3 CC
R 00 00 00 06 00 04 00 06 00 07 00 06
T 00 0B 51 04 32 0B 46 08 40 45 58 45 43 55 54 45
R 00 00 00 06 00 03 00 06 00 05 00 06
T 00 0B 5E
R 00 00 00 06
T 00 0B 5E CD 04 32 CD 06 83 CD
R 00 00 00 06 00 04 00 06 00 07 00 06
T 00 0B 65 03 E7 0B 6C CD
R 00 00 00 06 00 03 00 06 00 05 00 06
T 00 0B 6A 04 0E 81 0B 55 05 43 4D 4F 56 45
R 00 00 00 06 00 03 00 06 00 06 00 06
T 00 0B 75
R 00 00 00 06
T 00 0B 75 CD 04 A2 CD 03 FE
R 00 00 00 06 00 04 00 06 00 07 00 06
T 00 0B 7B 0B 95 CD 04 A2 CD
R 00 00 00 06 00 03 00 06 00 06 00 06
T 00 0B 81 04 D9 CD 04 50 CD
R 00 00 00 06 00 03 00 06 00 06 00 06
T 00 0B 87 04 96 CD 04 3F CD
R 00 00 00 06 00 03 00 06 00 06 00 06
T 00 0B 8D 09 CE CD 04 83 CD
R 00 00 00 06 00 03 00 06 00 06 00 06
T 00 0B 93 09 CE CD 03 C8
R 00 00 00 06 00 03 00 06 00 06 00 06
T 00 0B 98 0B 7D CC 06 B4
R 00 00 00 06 00 03 00 06 00 06 00 06
T 00 0B 9D 0B 6F 04 46 49 4C 4C
R 00 00 00 06 00 03 00 06
T 00 0B A4
R 00 00 00 06
T 00 0B A4 90 93 90 E6 01 1C 00 02 90 93 90 FE 90
R 00 00 00 06
T 00 0B B1 89 1C 00 02 90 93 1C 00 02 90 FE 90 BF
R 00 00 00 06
T 00 0B BE 24 90 85
R 00 00 00 06
T 00 0B C1
R 00 00 00 06
T 00 0B C1 92 C7 24 3C 25 24 02 3C 24
R 00 00 00 06
T 00 0B CA
R 00 00 00 06
T 00 0B CA 90 5A 26 F3 81 0B 9F 05 45 52 41 53 45
R 00 00 00 06 00 08 00 06
T 00 0B D7
R 00 00 00 06
T 00 0B D7 90 5F 1D 00 02 FF CC 0B A4 0B D1 05 50
R 00 00 00 06 00 0A 00 06 00 0C 00 06
T 00 0B E4 41 43 4B 30
R 00 00 00 06
T 00 0B E8
R 00 00 00 06
T 00 0B E8 CD 04 D9 CD 04 A2 CD
R 00 00 00 06 00 04 00 06 00 07 00 06
T 00 0B EF 06 BF CD 04 3F CD
R 00 00 00 06 00 03 00 06 00 06 00 06
T 00 0B F5 09 CE CD 04 E9 CD
R 00 00 00 06 00 03 00 06 00 06 00 06
T 00 0B FB 0B 75 CD 04 83 81
R 00 00 00 06 00 03 00 06 00 06 00 06
T 00 0C 01 0B E2 05 44 49 47 49 54
R 00 00 00 06 00 03 00 06
T 00 0C 09
R 00 00 00 06
T 00 0C 09 CD 03 B4 00 09 CD 05 03 CD
R 00 00 00 06 00 04 00 06 00 09 00 06
T 00 0C 12 07 B2 CD 03 B4 00 07 CD
R 00 00 00 06 00 03 00 06 00 06 00 06
T 00 0C 1A 05 25 CD 06 D4 CD
R 00 00 00 06 00 03 00 06 00 06 00 06
T 00 0C 20 03 B4 00 30 CC 06 D4
R 00 00 00 06 00 03 00 06 00 08 00 06
T 00 0C 27 0C 03 07 45 58 54 52 41 43 54
R 00 00 00 06 00 03 00 06
T 00 0C 31
R 00 00 00 06
T 00 0C 31 CD 0A 3A CD 04 E9 CD
R 00 00 00 06 00 04 00 06 00 07 00 06
T 00 0C 38 08 2A CD 04 E9 CC
R 00 00 00 06 00 03 00 06 00 06 00 06
T 00 0C 3E 0C 09 0C 29 02 3C 23
R 00 00 00 06 00 03 00 06 00 05 00 06
T 00 0C 45
R 00 00 00 06
T 00 0C 45 CD 0B 39 CD 06 06 CC
R 00 00 00 06 00 04 00 06 00 07 00 06
T 00 0C 4C 04 1B 0C 42 04 48 4F 4C 44
R 00 00 00 06 00 03 00 06 00 05 00 06
T 00 0C 55
R 00 00 00 06
T 00 0C 55 CD 06 06 CD 04 32 CD
R 00 00 00 06 00 04 00 06 00 07 00 06
T 00 0C 5C 09 DB CD 04 D9 CD
R 00 00 00 06 00 03 00 06 00 06 00 06
T 00 0C 62 06 06 CD 04 1B CC
R 00 00 00 06 00 03 00 06 00 06 00 06
T 00 0C 68 04 3F 0C 50 01 23
R 00 00 00 06 00 03 00 06 00 05 00 06
T 00 0C 6E
R 00 00 00 06
T 00 0C 6E CD 05 96 CD 04 32 CD
R 00 00 00 06 00 04 00 06 00 07 00 06
T 00 0C 75 0C 31 CC 0C 55
R 00 00 00 06 00 03 00 06 00 06 00 06
T 00 0C 7A 0C 6C 02 23 53
R 00 00 00 06 00 03 00 06
T 00 0C 7F
R 00 00 00 06
T 00 0C 7F CD 0C 6E CD 04 D9 CD
R 00 00 00 06 00 04 00 06 00 07 00 06
T 00 0C 86 03 E7 0C 8C 20 F3 81
R 00 00 00 06 00 03 00 06 00 05 00 06
T 00 0C 8D 0C 7C 04 53 49 47 4E
R 00 00 00 06 00 03 00 06
T 00 0C 94
R 00 00 00 06
T 00 0C 94 CD 05 12 CD 03 E7
R 00 00 00 06 00 04 00 06 00 07 00 06
T 00 0C 9A 0C A4 CD 03 B4 00 2D CC
R 00 00 00 06 00 03 00 06 00 06 00 06
T 00 0C A2 0C 55 81 0C 8F 02 23 3E
R 00 00 00 06 00 03 00 06 00 06 00 06
T 00 0C AA
R 00 00 00 06
T 00 0C AA CD 04 CF CD 06 06 CD
R 00 00 00 06 00 04 00 06 00 07 00 06
T 00 0C B1 04 32 CD 0B 39 CD
R 00 00 00 06 00 03 00 06 00 06 00 06
T 00 0C B7 05 03 CC 07 4D
R 00 00 00 06 00 03 00 06 00 06 00 06
T 00 0C BC 0C A7 03 53 54 52
R 00 00 00 06 00 03 00 06
T 00 0C C2
R 00 00 00 06
T 00 0C C2 CD 04 D9 CD 04 A2 CD
R 00 00 00 06 00 04 00 06 00 07 00 06
T 00 0C C9 07 67 CD 0C 45 CD
R 00 00 00 06 00 03 00 06 00 06 00 06
T 00 0C CF 0C 7F CD 04 83 CD
R 00 00 00 06 00 03 00 06 00 06 00 06
T 00 0C D5 0C 94 CC 0C AA
R 00 00 00 06 00 03 00 06 00 06 00 06
T 00 0C DA 0C BE 03 48 45 58
R 00 00 00 06 00 03 00 06
T 00 0C E0
R 00 00 00 06
T 00 0C E0 CD 03 B4 00 10 CD 05 96 CC
R 00 00 00 06 00 04 00 06 00 09 00 06
T 00 0C E9 04 1B 0C DC 07 44 45 43 49 4D 41 4C
R 00 00 00 06 00 03 00 06 00 05 00 06
T 00 0C F5
R 00 00 00 06
T 00 0C F5 CD 03 B4 00 0A CD 05 96 CC
R 00 00 00 06 00 04 00 06 00 09 00 06
T 00 0C FE 04 1B 0C ED 06 44 49 47 49 54 3F
R 00 00 00 06 00 03 00 06 00 05 00 06
T 00 0D 09
R 00 00 00 06
T 00 0D 09 CD 04 A2 CD 03 B4 00 30 CD
R 00 00 00 06 00 04 00 06 00 07 00 06
T 00 0D 12 07 4D CD 03 B4 00 09 CD
R 00 00 00 06 00 03 00 06 00 06 00 06
T 00 0D 1A 05 03 CD 07 B2 CD
R 00 00 00 06 00 03 00 06 00 06 00 06
T 00 0D 20 03 E7 0D 3A CD
R 00 00 00 06 00 03 00 06 00 05 00 06
T 00 0D 25 03 B4 00 07 CD 07 4D CD
R 00 00 00 06 00 03 00 06 00 08 00 06
T 00 0D 2D 04 D9 CD 03 B4 00 0A CD
R 00 00 00 06 00 03 00 06 00 06 00 06
T 00 0D 35 07 B2 CD 05 39 CD
R 00 00 00 06 00 03 00 06 00 06 00 06
T 00 0D 3B 04 D9 CD 04 83 CC
R 00 00 00 06 00 03 00 06 00 06 00 06
T 00 0D 41 07 94 0D 02 07 4E 55 4D 42 45 52 3F
R 00 00 00 06 00 03 00 06 00 05 00 06
T 00 0D 4D
R 00 00 00 06
T 00 0D 4D CD 05 96 CD 04 32 CD
R 00 00 00 06 00 04 00 06 00 07 00 06
T 00 0D 54 04 A2 CD 0A 3A CD
R 00 00 00 06 00 03 00 06 00 06 00 06
T 00 0D 5A 05 03 CD 0B 11 CD
R 00 00 00 06 00 03 00 06 00 06 00 06
T 00 0D 60 05 03 CD 04 50 CD
R 00 00 00 06 00 03 00 06 00 06 00 06
T 00 0D 66 03 B4 00 24 CD 07 75 CD
R 00 00 00 06 00 03 00 06 00 08 00 06
T 00 0D 6E 03 E7 0D 81 CD
R 00 00 00 06 00 03 00 06 00 05 00 06
T 00 0D 73 0C E0 CD 04 E9 CD
R 00 00 00 06 00 03 00 06 00 06 00 06
T 00 0D 79 09 CE CD 04 E9 CD
R 00 00 00 06 00 03 00 06 00 06 00 06
T 00 0D 7F 09 DB CD 05 03 CD
R 00 00 00 06 00 03 00 06 00 06 00 06
T 00 0D 85 04 50 CD 03 B4 00 2D CD
R 00 00 00 06 00 03 00 06 00 06 00 06
T 00 0D 8D 07 75 CD 04 A2 CD
R 00 00 00 06 00 03 00 06 00 06 00 06
T 00 0D 93 04 E9 CD 04 96 CD
R 00 00 00 06 00 03 00 06 00 06 00 06
T 00 0D 99 07 4D CD 04 E9 CD
R 00 00 00 06 00 03 00 06 00 06 00 06
T 00 0D 9F 04 96 CD 06 D4 CD
R 00 00 00 06 00 03 00 06 00 06 00 06
T 00 0D A5 06 83 CD 03 E7
R 00 00 00 06 00 03 00 06 00 06 00 06
T 00 0D AA 0E 0B CD 09 DB CD
R 00 00 00 06 00 03 00 06 00 06 00 06
T 00 0D B0 04 A2 CD 04 D9 CD
R 00 00 00 06 00 03 00 06 00 06 00 06
T 00 0D B6 04 A2 CD 04 50 CD
R 00 00 00 06 00 03 00 06 00 06 00 06
T 00 0D BC 05 96 CD 04 32 CD
R 00 00 00 06 00 03 00 06 00 06 00 06
T 00 0D C2 0D 09 CD 03 E7
R 00 00 00 06 00 03 00 06 00 06 00 06
T 00 0D C7 0D F9 CD 04 E9 CD
R 00 00 00 06 00 03 00 06 00 06 00 06
T 00 0D CD 05 96 CD 04 32 CD
R 00 00 00 06 00 03 00 06 00 06 00 06
T 00 0D D3 09 4D CD 06 D4 CD
R 00 00 00 06 00 03 00 06 00 06 00 06
T 00 0D D9 04 83 CD 09 CE CD
R 00 00 00 06 00 03 00 06 00 06 00 06
T 00 0D DF 03 C8 0D B2 CD
R 00 00 00 06 00 03 00 06 00 05 00 06
T 00 0D E4 04 96 CD 04 E9 CD
R 00 00 00 06 00 03 00 06 00 06 00 06
T 00 0D EA 04 CF CD 03 E7
R 00 00 00 06 00 03 00 06 00 06 00 06
T 00 0D EF 0D F4 CD 06 FF CD
R 00 00 00 06 00 03 00 06 00 06 00 06
T 00 0D F5 04 E9 20 0F CD 04 83 CD
R 00 00 00 06 00 03 00 06 00 08 00 06
T 00 0D FD 04 83 CD 06 B4 CD
R 00 00 00 06 00 03 00 06 00 06 00 06
T 00 0E 03 06 B4 CD 0A 3A CD
R 00 00 00 06 00 03 00 06 00 06 00 06
T 00 0E 09 04 D9 CD 04 83 CD
R 00 00 00 06 00 03 00 06 00 06 00 06
T 00 0E 0F 06 B4 CD 04 83 CD
R 00 00 00 06 00 03 00 06 00 06 00 06
T 00 0E 15 05 96 CC 04 1B
R 00 00 00 06 00 03 00 06 00 06 00 06
T 00 0E 1A 0D 45 03 4B 45 59
R 00 00 00 06 00 03 00 06
T 00 0E 20
R 00 00 00 06
T 00 0E 20 72 0B 52 40 FB C6 52 41 1D 00 02 E7 01
R 00 00 00 06
T 00 0E 2D 7F 81 0E 1C 04 4E 55 46 3F
R 00 00 00 06 00 05 00 06
T 00 0E 36
R 00 00 00 06
T 00 0E 36 CD 03 80 CD 04 D9 CD
R 00 00 00 06 00 04 00 06 00 07 00 06
T 00 0E 3D 03 E7 0E 4F CD
R 00 00 00 06 00 03 00 06 00 05 00 06
T 00 0E 42 06 B4 CD 0E 20 CD
R 00 00 00 06 00 03 00 06 00 06 00 06
T 00 0E 48 03 B4 00 0D CC 07 75 81
R 00 00 00 06 00 03 00 06 00 08 00 06
T 00 0E 50 0E 31 05 53 50 41 43 45
R 00 00 00 06 00 03 00 06
T 00 0E 58
R 00 00 00 06
T 00 0E 58 CD 0A 2D CC 03 9E
R 00 00 00 06 00 04 00 06 00 07 00 06
T 00 0E 5E 0E 52 06 53 50 41 43 45 53
R 00 00 00 06 00 03 00 06
T 00 0E 67
R 00 00 00 06
T 00 0E 67 CD 0A 3A CD 07 D2 CD
R 00 00 00 06 00 04 00 06 00 07 00 06
T 00 0E 6E 04 A2 20 03 CD 0E 58 CD
R 00 00 00 06 00 03 00 06 00 08 00 06
T 00 0E 76 03 C8 0E 72 81
R 00 00 00 06 00 03 00 06 00 05 00 06
T 00 0E 7B 0E 60 04 54 59 50 45
R 00 00 00 06 00 03 00 06
T 00 0E 82
R 00 00 00 06
T 00 0E 82 CD 04 A2 20 0C CD 04 D9 CD
R 00 00 00 06 00 04 00 06 00 09 00 06
T 00 0E 8B 04 50 CD 03 9E CD
R 00 00 00 06 00 03 00 06 00 06 00 06
T 00 0E 91 09 CE CD 03 C8
R 00 00 00 06 00 03 00 06 00 06 00 06
T 00 0E 96 0E 87 CC 04 CF
R 00 00 00 06 00 03 00 06 00 06 00 06
T 00 0E 9B 0E 7D 02 43 52
R 00 00 00 06 00 03 00 06
T 00 0E A0
R 00 00 00 06
T 00 0E A0 CD 03 B4 00 0D CD 03 9E CD
R 00 00 00 06 00 04 00 06 00 09 00 06
T 00 0E A9 03 B4 00 0A CC 03 9E
R 00 00 00 06 00 03 00 06 00 08 00 06
T 00 0E B0 0E 9D 43 44 4F 24
R 00 00 00 06 00 03 00 06
T 00 0E B6
R 00 00 00 06
T 00 0E B6 CD 04 83 CD 04 96 CD
R 00 00 00 06 00 04 00 06 00 07 00 06
T 00 0E BD 04 83 CD 0B 11 CD
R 00 00 00 06 00 03 00 06 00 06 00 06
T 00 0E C3 06 D4 CD 04 A2 CD
R 00 00 00 06 00 03 00 06 00 06 00 06
T 00 0E C9 04 E9 CD 04 A2 81
R 00 00 00 06 00 03 00 06 00 06 00 06
T 00 0E CF 0E B2 43 24 22 7C
R 00 00 00 06 00 03 00 06
T 00 0E D5
R 00 00 00 06
T 00 0E D5 CD 0E B6 81 0E D1 43 2E 22 7C
R 00 00 00 06 00 04 00 06 00 07 00 06
T 00 0E DF
R 00 00 00 06
T 00 0E DF CD 0E B6 CD 0B 11 CC
R 00 00 00 06 00 04 00 06 00 07 00 06
T 00 0E E6 0E 82 0E DB 02 2E 52
R 00 00 00 06 00 03 00 06 00 05 00 06
T 00 0E ED
R 00 00 00 06
T 00 0E ED CD 04 A2 CD 0C C2 CD
R 00 00 00 06 00 04 00 06 00 07 00 06
T 00 0E F4 04 83 CD 05 03 CD
R 00 00 00 06 00 03 00 06 00 06 00 06
T 00 0E FA 07 4D CD 0E 67 CC
R 00 00 00 06 00 03 00 06 00 06 00 06
T 00 0F 00 0E 82 0E EA 03 55 2E 52
R 00 00 00 06 00 03 00 06 00 05 00 06
T 00 0F 08
R 00 00 00 06
T 00 0F 08 CD 04 A2 CD 0C 45 CD
R 00 00 00 06 00 04 00 06 00 07 00 06
T 00 0F 0F 0C 7F CD 0C AA CD
R 00 00 00 06 00 03 00 06 00 06 00 06
T 00 0F 15 04 83 CD 05 03 CD
R 00 00 00 06 00 03 00 06 00 06 00 06
T 00 0F 1B 07 4D CD 0E 67 CC
R 00 00 00 06 00 03 00 06 00 06 00 06
T 00 0F 21 0E 82 0F 04 02 55 2E
R 00 00 00 06 00 03 00 06 00 05 00 06
T 00 0F 28
R 00 00 00 06
T 00 0F 28 CD 0C 45 CD 0C 7F CD
R 00 00 00 06 00 04 00 06 00 07 00 06
T 00 0F 2F 0C AA CD 0E 58 CC
R 00 00 00 06 00 03 00 06 00 06 00 06
T 00 0F 35 0E 82 0F 25 01 2E
R 00 00 00 06 00 03 00 06 00 05 00 06
T 00 0F 3B
R 00 00 00 06
T 00 0F 3B CD 05 96 CD 04 32 CD
R 00 00 00 06 00 04 00 06 00 07 00 06
T 00 0F 42 03 B4 00 0A CD 05 4E CD
R 00 00 00 06 00 03 00 06 00 08 00 06
T 00 0F 4A 03 E7 0F 51 CC
R 00 00 00 06 00 03 00 06 00 05 00 06
T 00 0F 4F 0F 28 CD 0C C2 CD
R 00 00 00 06 00 03 00 06 00 06 00 06
T 00 0F 55 0E 58 CC 0E 82
R 00 00 00 06 00 03 00 06 00 06 00 06
T 00 0F 5A 0F 39 01 3F
R 00 00 00 06 00 03 00 06
T 00 0F 5E
R 00 00 00 06
T 00 0F 5E CD 04 32 CC 0F 3B
R 00 00 00 06 00 04 00 06 00 07 00 06
T 00 0F 64 0F 5C 05 70 61 72 73 65
R 00 00 00 06 00 03 00 06
T 00 0F 6C
R 00 00 00 06
T 00 0F 6C CD 05 A5 CD 04 1B CD
R 00 00 00 06 00 04 00 06 00 07 00 06
T 00 0F 73 05 03 CD 04 A2 CD
R 00 00 00 06 00 03 00 06 00 06 00 06
T 00 0F 79 04 D9 CD 03 E7
R 00 00 00 06 00 03 00 06 00 06 00 06
T 00 0F 7E 10 24 CD 09 DB CD
R 00 00 00 06 00 03 00 06 00 06 00 06
T 00 0F 84 05 A5 CD 04 32 CD
R 00 00 00 06 00 03 00 06 00 06 00 06
T 00 0F 8A 0A 2D CD 07 75 CD
R 00 00 00 06 00 03 00 06 00 06 00 06
T 00 0F 90 03 E7 0F C5 CD
R 00 00 00 06 00 03 00 06 00 05 00 06
T 00 0F 95 04 A2 CD 0A 2D CD
R 00 00 00 06 00 03 00 06 00 06 00 06
T 00 0F 9B 05 03 CD 04 50 CD
R 00 00 00 06 00 03 00 06 00 06 00 06
T 00 0F A1 07 4D CD 05 12 CD
R 00 00 00 06 00 03 00 06 00 06 00 06
T 00 0F A7 06 EE CD 03 E7
R 00 00 00 06 00 03 00 06 00 06 00 06
T 00 0F AC 0F C2 CD 09 CE CD
R 00 00 00 06 00 03 00 06 00 06 00 06
T 00 0F B2 03 C8 0F 97 CD
R 00 00 00 06 00 03 00 06 00 05 00 06
T 00 0F B7 04 83 CD 04 CF CD
R 00 00 00 06 00 03 00 06 00 06 00 06
T 00 0F BD 0A 3A CC 04 D9 CD
R 00 00 00 06 00 03 00 06 00 06 00 06
T 00 0F C3 04 83 CD 05 03 CD
R 00 00 00 06 00 03 00 06 00 06 00 06
T 00 0F C9 04 E9 CD 04 A2 CD
R 00 00 00 06 00 03 00 06 00 06 00 06
T 00 0F CF 05 A5 CD 04 32 CD
R 00 00 00 06 00 03 00 06 00 06 00 06
T 00 0F D5 05 03 CD 04 50 CD
R 00 00 00 06 00 03 00 06 00 06 00 06
T 00 0F DB 07 4D CD 05 A5 CD
R 00 00 00 06 00 03 00 06 00 06 00 06
T 00 0F E1 04 32 CD 0A 2D CD
R 00 00 00 06 00 03 00 06 00 06 00 06
T 00 0F E7 07 75 CD 03 E7
R 00 00 00 06 00 03 00 06 00 06 00 06
T 00 0F EC 0F F1 CD 05 12 CD
R 00 00 00 06 00 03 00 06 00 06 00 06
T 00 0F F2 03 E7 10 06 CD
R 00 00 00 06 00 03 00 06 00 05 00 06
T 00 0F F7 09 CE CD 03 C8
R 00 00 00 06 00 03 00 06 00 06 00 06
T 00 0F FC 0F CE CD 04 D9 CD
R 00 00 00 06 00 03 00 06 00 06 00 06
T 00 10 02 04 A2 20 0F CD 04 83 CD
R 00 00 00 06 00 03 00 06 00 08 00 06
T 00 10 0A 04 CF CD 04 D9 CD
R 00 00 00 06 00 03 00 06 00 06 00 06
T 00 10 10 09 CE CD 04 A2 CD
R 00 00 00 06 00 03 00 06 00 06 00 06
T 00 10 16 05 03 CD 07 4D CD
R 00 00 00 06 00 03 00 06 00 06 00 06
T 00 10 1C 04 83 CD 04 83 CC
R 00 00 00 06 00 03 00 06 00 06 00 06
T 00 10 22 07 4D CD 05 03 CD
R 00 00 00 06 00 03 00 06 00 06 00 06
T 00 10 28 04 83 CC 07 4D
R 00 00 00 06 00 03 00 06 00 06 00 06
T 00 10 2D 0F 66 05 50 41 52 53 45
R 00 00 00 06 00 03 00 06
T 00 10 35
R 00 00 00 06
T 00 10 35 CD 04 A2 CD 0B 4A CD
R 00 00 00 06 00 04 00 06 00 07 00 06
T 00 10 3C 05 B4 CD 04 32 CD
R 00 00 00 06 00 03 00 06 00 06 00 06
T 00 10 42 06 D4 CD 05 C4 CD
R 00 00 00 06 00 03 00 06 00 06 00 06
T 00 10 48 04 32 CD 05 B4 CD
R 00 00 00 06 00 03 00 06 00 06 00 06
T 00 10 4E 04 32 CD 07 4D CD
R 00 00 00 06 00 03 00 06 00 06 00 06
T 00 10 54 04 83 CD 0F 6C CD
R 00 00 00 06 00 03 00 06 00 06 00 06
T 00 10 5A 05 B4 CC 0A AA
R 00 00 00 06 00 03 00 06 00 06 00 06
T 00 10 5F 10 2F 82 2E 28
R 00 00 00 06 00 03 00 06
T 00 10 64
R 00 00 00 06
T 00 10 64 CD 03 B4 00 29 CD 10 35 CC
R 00 00 00 06 00 04 00 06 00 09 00 06
T 00 10 6D 0E 82 10 61 81 28
R 00 00 00 06 00 03 00 06 00 05 00 06
T 00 10 73
R 00 00 00 06
T 00 10 73 CD 03 B4 00 29 CD 10 35 CC
R 00 00 00 06 00 04 00 06 00 09 00 06
T 00 10 7C 06 B4 10 71 81 5C
R 00 00 00 06 00 03 00 06 00 05 00 06
T 00 10 82
R 00 00 00 06
T 00 10 82 90 AE 00 0C 90 FE 90 89 90 AE 00 0A 90
R 00 00 00 06
T 00 10 8F BF 24 90 85 91 CF 24 81 10 80 04 57 4F
R 00 00 00 06 00 0B 00 06
T 00 10 9C 52 44
R 00 00 00 06
T 00 10 9E
R 00 00 00 06
T 00 10 9E CD 10 35 CD 0B 28 CD
R 00 00 00 06 00 04 00 06 00 07 00 06
T 00 10 A5 09 A3 CC 0B E8
R 00 00 00 06 00 03 00 06 00 06 00 06
T 00 10 AA 10 99 05 54 4F 4B 45 4E
R 00 00 00 06 00 03 00 06
T 00 10 B2
R 00 00 00 06
T 00 10 B2 CD 0A 2D CC 10 9E
R 00 00 00 06 00 04 00 06 00 07 00 06
T 00 10 B8 10 AC 05 4E 41 4D 45 3E
R 00 00 00 06 00 03 00 06
T 00 10 C0
R 00 00 00 06
T 00 10 C0 CD 0B 11 CD 03 B4 00 1F CD
R 00 00 00 06 00 04 00 06 00 07 00 06
T 00 10 C9 05 25 CC 06 D4
R 00 00 00 06 00 03 00 06 00 06 00 06
T 00 10 CE 10 BA 05 53 41 4D 45 3F
R 00 00 00 06 00 03 00 06
T 00 10 D6
R 00 00 00 06
T 00 10 D6 CD 09 DB CD 04 A2 20 29 CD
R 00 00 00 06 00 04 00 06 00 07 00 06
T 00 10 DF 05 03 CD 04 96 CD
R 00 00 00 06 00 03 00 06 00 06 00 06
T 00 10 E5 06 D4 CD 04 50 CD
R 00 00 00 06 00 03 00 06 00 06 00 06
T 00 10 EB 05 03 CD 04 96 CD
R 00 00 00 06 00 03 00 06 00 06 00 06
T 00 10 F1 06 D4 CD 04 50 CD
R 00 00 00 06 00 03 00 06 00 06 00 06
T 00 10 F7 07 4D CD 06 83 CD
R 00 00 00 06 00 03 00 06 00 06 00 06
T 00 10 FD 03 E7 11 07 CD
R 00 00 00 06 00 03 00 06 00 05 00 06
T 00 11 02 04 83 CC 04 CF CD
R 00 00 00 06 00 03 00 06 00 06 00 06
T 00 11 08 03 C8 10 DE CC
R 00 00 00 06 00 03 00 06 00 05 00 06
T 00 11 0D 0A 3A 10 D0 04 46 49 4E 44
R 00 00 00 06 00 03 00 06 00 05 00 06
T 00 11 16
R 00 00 00 06
T 00 11 16 CD 04 E9 CD 04 D9 CD
R 00 00 00 06 00 04 00 06 00 07 00 06
T 00 11 1D 04 50 CD 05 A5 CD
R 00 00 00 06 00 03 00 06 00 06 00 06
T 00 11 23 04 1B CD 04 D9 CD
R 00 00 00 06 00 03 00 06 00 06 00 06
T 00 11 29 04 32 CD 04 A2 CD
R 00 00 00 06 00 03 00 06 00 06 00 06
T 00 11 2F 09 A3 CD 04 E9 CD
R 00 00 00 06 00 03 00 06 00 06 00 06
T 00 11 35 04 32 CD 04 D9 CD
R 00 00 00 06 00 03 00 06 00 06 00 06
T 00 11 3B 03 E7 11 73 CD
R 00 00 00 06 00 03 00 06 00 05 00 06
T 00 11 40 04 D9 CD 04 32 CD
R 00 00 00 06 00 03 00 06 00 06 00 06
T 00 11 46 03 B4 1F 7F CD 05 25 CD
R 00 00 00 06 00 03 00 06 00 08 00 06
T 00 11 4E 04 96 CD 05 4E CD
R 00 00 00 06 00 03 00 06 00 06 00 06
T 00 11 54 03 E7 11 62 CD
R 00 00 00 06 00 03 00 06 00 05 00 06
T 00 11 59 09 A3 CD 03 B4 FF FF 20 0C CD
R 00 00 00 06 00 03 00 06 00 06 00 06
T 00 11 63 09 A3 CD 05 A5 CD
R 00 00 00 06 00 03 00 06 00 06 00 06
T 00 11 69 04 32 CD 10 D6 CD
R 00 00 00 06 00 03 00 06 00 06 00 06
T 00 11 6F 03 FE 11 82 CD
R 00 00 00 06 00 03 00 06 00 05 00 06
T 00 11 74 04 83 CD 04 CF CD
R 00 00 00 06 00 03 00 06 00 06 00 06
T 00 11 7A 04 E9 CD 09 B2 CC
R 00 00 00 06 00 03 00 06 00 06 00 06
T 00 11 80 04 E9 CD 03 E7
R 00 00 00 06 00 03 00 06 00 06 00 06
T 00 11 85 11 8F CD 09 B2 CD
R 00 00 00 06 00 03 00 06 00 06 00 06
T 00 11 8B 09 B2 20 A5 CD 04 83 CD
R 00 00 00 06 00 03 00 06 00 08 00 06
T 00 11 93 04 CF CD 04 E9 CD
R 00 00 00 06 00 03 00 06 00 06 00 06
T 00 11 99 04 CF CD 09 B2 CD
R 00 00 00 06 00 03 00 06 00 06 00 06
T 00 11 9F 04 D9 CD 10 C0 CC
R 00 00 00 06 00 03 00 06 00 06 00 06
T 00 11 A5 04 E9 11 11 05 4E 41 4D 45 3F
R 00 00 00 06 00 03 00 06 00 05 00 06
T 00 11 AF
R 00 00 00 06
T 00 11 AF CD 06 19 CC 11 16
R 00 00 00 06 00 04 00 06 00 07 00 06
T 00 11 B5 11 A9 02 5E 48
R 00 00 00 06 00 03 00 06
T 00 11 BA
R 00 00 00 06
T 00 11 BA CD 04 A2 CD 05 03 CD
R 00 00 00 06 00 04 00 06 00 07 00 06
T 00 11 C1 04 83 CD 04 E9 CD
R 00 00 00 06 00 03 00 06 00 06 00 06
T 00 11 C7 05 03 CD 05 4E CD
R 00 00 00 06 00 03 00 06 00 06 00 06
T 00 11 CD 03 E7 11 EA CD
R 00 00 00 06 00 03 00 06 00 05 00 06
T 00 11 D2 03 B4 00 08 CD 03 9E CD
R 00 00 00 06 00 03 00 06 00 08 00 06
T 00 11 DA 09 DB CD 0A 2D CD
R 00 00 00 06 00 03 00 06 00 06 00 06
T 00 11 E0 03 9E CD 03 B4 00 08 CC
R 00 00 00 06 00 03 00 06 00 06 00 06
T 00 11 E8 03 9E 81 11 B7 03 54 41 50
R 00 00 00 06 00 03 00 06 00 06 00 06
T 00 11 F1
R 00 00 00 06
T 00 11 F1 CD 04 D9 CD 03 9E CD
R 00 00 00 06 00 04 00 06 00 07 00 06
T 00 11 F8 05 03 CD 04 3F CC
R 00 00 00 06 00 03 00 06 00 06 00 06
T 00 11 FE 09 CE 11 ED 04 4B 54 41 50
R 00 00 00 06 00 03 00 06 00 05 00 06
T 00 12 07
R 00 00 00 06
T 00 12 07 CD 04 D9 CD 03 B4 00 0D CD
R 00 00 00 06 00 04 00 06 00 07 00 06
T 00 12 10 05 4E CD 03 E7
R 00 00 00 06 00 03 00 06 00 06 00 06
T 00 12 15 12 2D CD 03 B4 00 08 CD
R 00 00 00 06 00 03 00 06 00 06 00 06
T 00 12 1D 05 4E CD 03 E7
R 00 00 00 06 00 03 00 06 00 06 00 06
T 00 12 22 12 2A CD 0A 2D CC
R 00 00 00 06 00 03 00 06 00 06 00 06
T 00 12 28 11 F1 CC 11 BA CD
R 00 00 00 06 00 03 00 06 00 06 00 06
T 00 12 2E 04 CF CD 04 E9 CD
R 00 00 00 06 00 03 00 06 00 06 00 06
T 00 12 34 04 CF CC 04 D9
R 00 00 00 06 00 03 00 06 00 06 00 06
T 00 12 39 12 02 06 41 43 43 45 50 54
R 00 00 00 06 00 03 00 06
T 00 12 42
R 00 00 00 06
T 00 12 42 CD 05 03 CD 06 D4 CD
R 00 00 00 06 00 04 00 06 00 07 00 06
T 00 12 49 05 03 CD 06 BF CD
R 00 00 00 06 00 03 00 06 00 06 00 06
T 00 12 4F 05 4E CD 03 E7
R 00 00 00 06 00 03 00 06 00 06 00 06
T 00 12 54 12 76 CD 0E 20 CD
R 00 00 00 06 00 03 00 06 00 06 00 06
T 00 12 5A 04 D9 CD 0A 2D CD
R 00 00 00 06 00 03 00 06 00 06 00 06
T 00 12 60 03 B4 00 7F CD 08 0F CD
R 00 00 00 06 00 03 00 06 00 08 00 06
T 00 12 68 03 E7 12 71 CD
R 00 00 00 06 00 03 00 06 00 05 00 06
T 00 12 6D 11 F1 20 03 CD 12 07 20 D5 CD
R 00 00 00 06 00 03 00 06 00 08 00 06
T 00 12 77 04 CF CD 05 03 CC
R 00 00 00 06 00 03 00 06 00 06 00 06
T 00 12 7D 07 4D 12 3B 05 51 55 45 52 59
R 00 00 00 06 00 03 00 06 00 05 00 06
T 00 12 87
R 00 00 00 06
T 00 12 87 CD 0B 4A CD 03 B4 00 50 CD
R 00 00 00 06 00 04 00 06 00 07 00 06
T 00 12 90 12 42 CD 05 C4 CD
R 00 00 00 06 00 03 00 06 00 06 00 06
T 00 12 96 04 1B CD 04 CF CD
R 00 00 00 06 00 03 00 06 00 06 00 06
T 00 12 9C 0A 3A CD 05 B4 CC
R 00 00 00 06 00 03 00 06 00 06 00 06
T 00 12 A2 04 1B 12 81 05 41 42 4F 52 54
R 00 00 00 06 00 03 00 06 00 05 00 06
T 00 12 AC
R 00 00 00 06
T 00 12 AC CD 13 A3 CC 13 C0
R 00 00 00 06 00 04 00 06 00 07 00 06
T 00 12 B2 12 A6 46 41 42 4F 52 54 22
R 00 00 00 06 00 03 00 06
T 00 12 BB
R 00 00 00 06
T 00 12 BB CD 03 E7 12 DA CD
R 00 00 00 06 00 04 00 06 00 06 00 06
T 00 12 C1 0E B6 CD 0E 58 CD
R 00 00 00 06 00 03 00 06 00 06 00 06
T 00 12 C7 0B 11 CD 0E 82 CD
R 00 00 00 06 00 03 00 06 00 06 00 06
T 00 12 CD 03 B4 00 3F CD 03 9E CD
R 00 00 00 06 00 03 00 06 00 08 00 06
T 00 12 D5 0E A0 CC 12 AC CD
R 00 00 00 06 00 03 00 06 00 06 00 06
T 00 12 DB 0E B6 CC 04 CF
R 00 00 00 06 00 03 00 06 00 06 00 06
T 00 12 E0 12 B4 0A 24 49 4E 54 45 52 50 52 45 54
R 00 00 00 06 00 03 00 06
T 00 12 ED
R 00 00 00 06
T 00 12 ED CD 11 AF CD 06 83 CD
R 00 00 00 06 00 04 00 06 00 07 00 06
T 00 12 F4 03 E7 13 17 CD
R 00 00 00 06 00 03 00 06 00 05 00 06
T 00 12 F9 04 32 CD 03 B4 40 00 CD
R 00 00 00 06 00 03 00 06 00 06 00 06
T 00 13 01 05 25 CD 12 BB 0D 20 63 6F 6D 70 69 6C
R 00 00 00 06 00 03 00 06 00 06 00 06
T 00 13 0E 65 20 6F 6E 6C 79 CC 04 0E CD 0D 4D CD
R 00 00 00 06 00 0A 00 06 00 0D 00 06
T 00 13 1B 03 E7 12 C3 81
R 00 00 00 06 00 03 00 06 00 05 00 06
T 00 13 20 12 E2 81 5B
R 00 00 00 06 00 03 00 06
T 00 13 24
R 00 00 00 06
T 00 13 24 CD 03 B4 12 ED CD
R 00 00 00 06 00 04 00 06 00 06 00 06
T 00 13 2A 05 F7 CC 04 1B
R 00 00 00 06 00 03 00 06 00 06 00 06
T 00 13 2F 13 22 03 2E 4F 4B
R 00 00 00 06 00 03 00 06
T 00 13 35
R 00 00 00 06
T 00 13 35 CD 03 B4 12 ED CD
R 00 00 00 06 00 04 00 06 00 06 00 06
T 00 13 3B 05 F7 CD 04 32 CD
R 00 00 00 06 00 03 00 06 00 06 00 06
T 00 13 41 07 75 CD 03 E7
R 00 00 00 06 00 03 00 06 00 06 00 06
T 00 13 46 13 4F CD 0E DF 03 20 6F 6B CC
R 00 00 00 06 00 03 00 06 00 06 00 06
T 00 13 50 0E A0 13 31 06 3F 53 54 41 43 4B
R 00 00 00 06 00 03 00 06 00 05 00 06
T 00 13 5B
R 00 00 00 06
T 00 13 5B CD 0A 7C CD 05 12 CD
R 00 00 00 06 00 04 00 06 00 07 00 06
T 00 13 62 12 BB 0B 20 75 6E 64 65 72 66 6C 6F 77
R 00 00 00 06 00 03 00 06
T 00 13 6F 20 81 13 54 04 45 56 41 4C
R 00 00 00 06 00 05 00 06
T 00 13 78
R 00 00 00 06
T 00 13 78 CD 10 B2 CD 04 D9 CD
R 00 00 00 06 00 04 00 06 00 07 00 06
T 00 13 7F 04 50 CD 03 E7
R 00 00 00 06 00 03 00 06 00 06 00 06
T 00 13 84 13 94 CD 05 F7 CD
R 00 00 00 06 00 03 00 06 00 06 00 06
T 00 13 8A 0B 5E CD 13 5B CD
R 00 00 00 06 00 03 00 06 00 06 00 06
T 00 13 90 03 FE 13 78 CD
R 00 00 00 06 00 03 00 06 00 05 00 06
T 00 13 95 04 CF CC 13 35
R 00 00 00 06 00 03 00 06 00 06 00 06
T 00 13 9A 13 73 06 50 52 45 53 45 54
R 00 00 00 06 00 03 00 06
T 00 13 A3
R 00 00 00 06
T 00 13 A3 CD 03 B4 06 80 CD 04 C6 CD
R 00 00 00 06 00 04 00 06 00 09 00 06
T 00 13 AC 03 B4 07 00 CD 05 C4 CD
R 00 00 00 06 00 03 00 06 00 08 00 06
T 00 13 B4 09 A3 CC 04 1B
R 00 00 00 06 00 03 00 06 00 06 00 06
T 00 13 B9 13 9C 04 51 55 49 54
R 00 00 00 06 00 03 00 06
T 00 13 C0
R 00 00 00 06
T 00 13 C0 CD 03 B4 07 FF CD 04 6D CD
R 00 00 00 06 00 04 00 06 00 09 00 06
T 00 13 C9 13 24 CD 12 87 CD
R 00 00 00 06 00 03 00 06 00 06 00 06
T 00 13 CF 13 78 20 F8 13 BB 01 27
R 00 00 00 06 00 03 00 06 00 07 00 06
T 00 13 D7
R 00 00 00 06
T 00 13 D7 CD 10 B2 CD 11 AF CD
R 00 00 00 06 00 04 00 06 00 07 00 06
T 00 13 DE 03 E7 12 C3 81
R 00 00 00 06 00 03 00 06 00 05 00 06
T 00 13 E3 13 D5 05 41 4C 4C 4F 54
R 00 00 00 06 00 03 00 06
T 00 13 EB
R 00 00 00 06
T 00 13 EB CD 06 27 CD 0A AA CC
R 00 00 00 06 00 04 00 06 00 07 00 06
T 00 13 F2 1B 35 13 E5 01 2C
R 00 00 00 06 00 03 00 06 00 05 00 06
T 00 13 F8
R 00 00 00 06
T 00 13 F8 CD 0B 28 CD 04 D9 CD
R 00 00 00 06 00 04 00 06 00 07 00 06
T 00 13 FF 09 A3 CD 06 27 CD
R 00 00 00 06 00 03 00 06 00 06 00 06
T 00 14 05 04 1B CC 04 1B
R 00 00 00 06 00 03 00 06 00 06 00 06
T 00 14 0A 13 F6 02 43 2C
R 00 00 00 06 00 03 00 06
T 00 14 0F
R 00 00 00 06
T 00 14 0F CD 0B 28 CD 04 D9 CD
R 00 00 00 06 00 04 00 06 00 07 00 06
T 00 14 16 09 CE CD 06 27 CD
R 00 00 00 06 00 03 00 06 00 06 00 06
T 00 14 1C 04 1B CC 04 3F
R 00 00 00 06 00 03 00 06 00 06 00 06
T 00 14 21 14 0C 89 5B 43 4F 4D 50 49 4C 45 5D
R 00 00 00 06 00 03 00 06
T 00 14 2D
R 00 00 00 06
T 00 14 2D CD 13 D7 CC 16 F3
R 00 00 00 06 00 04 00 06 00 07 00 06
T 00 14 33 14 23 47 43 4F 4D 50 49 4C 45
R 00 00 00 06 00 03 00 06
T 00 14 3D
R 00 00 00 06
T 00 14 3D CD 04 83 CD 04 D9 CD
R 00 00 00 06 00 04 00 06 00 07 00 06
T 00 14 44 04 32 CD 16 F3 CD
R 00 00 00 06 00 03 00 06 00 06 00 06
T 00 14 4A 09 A3 90 93 90 FE 1C 00 02 90 FC 14 35
R 00 00 00 06 00 03 00 06 00 0E 00 06
T 00 14 57 87 4C 49 54 45 52 41 4C
R 00 00 00 06
T 00 14 5F
R 00 00 00 06
T 00 14 5F CD 14 3D 03 B4 CC
R 00 00 00 06 00 04 00 06 00 06 00 06
T 00 14 65 13 F8 14 57 03 24 2C 22
R 00 00 00 06 00 03 00 06 00 05 00 06
T 00 14 6D
R 00 00 00 06
T 00 14 6D CD 03 B4 00 22 CD 10 35 CD
R 00 00 00 06 00 04 00 06 00 09 00 06
T 00 14 76 0B 28 CD 0B E8 CD
R 00 00 00 06 00 03 00 06 00 06 00 06
T 00 14 7C 0B 11 CD 06 D4 CD
R 00 00 00 06 00 03 00 06 00 06 00 06
T 00 14 82 06 27 CC 04 1B
R 00 00 00 06 00 03 00 06 00 06 00 06
T 00 14 87 14 69 83 46 4F 52
R 00 00 00 06 00 03 00 06
T 00 14 8D
R 00 00 00 06
T 00 14 8D CD 14 3D 04 A2 CC
R 00 00 00 06 00 04 00 06 00 06 00 06
T 00 14 93 0B 28 14 89 84 4E 45 58 54
R 00 00 00 06 00 03 00 06 00 05 00 06
T 00 14 9C
R 00 00 00 06
T 00 14 9C CD 14 3D 03 C8 CD
R 00 00 00 06 00 04 00 06 00 06 00 06
T 00 14 A2 06 73 CC 13 F8
R 00 00 00 06 00 03 00 06 00 06 00 06
T 00 14 A7 14 97 01 49
R 00 00 00 06 00 03 00 06
T 00 14 AB
R 00 00 00 06
T 00 14 AB 1D 00 02 16 03 FF 81 14 A9 85 42 45 47
R 00 00 00 06 00 0A 00 06
T 00 14 B8 49 4E
R 00 00 00 06
T 00 14 BA
R 00 00 00 06
T 00 14 BA CC 0B 28 14 B4 85 55 4E 54 49 4C
R 00 00 00 06 00 04 00 06 00 06 00 06
T 00 14 C5
R 00 00 00 06
T 00 14 C5 CD 14 3D 03 E7 CD
R 00 00 00 06 00 04 00 06 00 06 00 06
T 00 14 CB 06 73 CC 13 F8
R 00 00 00 06 00 03 00 06 00 06 00 06
T 00 14 D0 14 BF 85 41 47 41 49 4E
R 00 00 00 06 00 03 00 06
T 00 14 D8
R 00 00 00 06
T 00 14 D8 CD 14 3D 03 FE CD
R 00 00 00 06 00 04 00 06 00 06 00 06
T 00 14 DE 06 73 CC 13 F8
R 00 00 00 06 00 03 00 06 00 06 00 06
T 00 14 E3 14 D2 82 49 46
R 00 00 00 06 00 03 00 06
T 00 14 E8
R 00 00 00 06
T 00 14 E8 CD 14 3D 03 E7 CD
R 00 00 00 06 00 04 00 06 00 06 00 06
T 00 14 EE 0B 28 CD 0A 3A CC
R 00 00 00 06 00 03 00 06 00 06 00 06
T 00 14 F4 13 F8 14 E5 84 54 48 45 4E
R 00 00 00 06 00 03 00 06 00 05 00 06
T 00 14 FD
R 00 00 00 06
T 00 14 FD CD 0B 28 CD 06 73 CD
R 00 00 00 06 00 04 00 06 00 07 00 06
T 00 15 04 04 E9 CC 04 1B
R 00 00 00 06 00 03 00 06 00 06 00 06
T 00 15 09 14 F8 84 45 4C 53 45
R 00 00 00 06 00 03 00 06
T 00 15 10
R 00 00 00 06
T 00 15 10 CD 14 3D 03 FE CD
R 00 00 00 06 00 04 00 06 00 06 00 06
T 00 15 16 0B 28 CD 0A 3A CD
R 00 00 00 06 00 03 00 06 00 06 00 06
T 00 15 1C 13 F8 CD 04 E9 CD
R 00 00 00 06 00 03 00 06 00 06 00 06
T 00 15 22 0B 28 CD 06 73 CD
R 00 00 00 06 00 03 00 06 00 06 00 06
T 00 15 28 04 E9 CC 04 1B
R 00 00 00 06 00 03 00 06 00 06 00 06
T 00 15 2D 15 0B 85 41 48 45 41 44
R 00 00 00 06 00 03 00 06
T 00 15 35
R 00 00 00 06
T 00 15 35 CD 14 3D 03 FE CD
R 00 00 00 06 00 04 00 06 00 06 00 06
T 00 15 3B 0B 28 CD 0A 3A CC
R 00 00 00 06 00 03 00 06 00 06 00 06
T 00 15 41 13 F8 15 2F 85 57 48 49 4C 45
R 00 00 00 06 00 03 00 06 00 05 00 06
T 00 15 4B
R 00 00 00 06
T 00 15 4B CD 14 3D 03 E7 CD
R 00 00 00 06 00 04 00 06 00 06 00 06
T 00 15 51 0B 28 CD 0A 3A CD
R 00 00 00 06 00 03 00 06 00 06 00 06
T 00 15 57 13 F8 CC 04 E9
R 00 00 00 06 00 03 00 06 00 06 00 06
T 00 15 5C 15 45 86 52 45 50 45 41 54
R 00 00 00 06 00 03 00 06
T 00 15 65
R 00 00 00 06
T 00 15 65 CD 14 3D 03 FE CD
R 00 00 00 06 00 04 00 06 00 06 00 06
T 00 15 6B 06 73 CD 13 F8 CD
R 00 00 00 06 00 03 00 06 00 06 00 06
T 00 15 71 0B 28 CD 06 73 CD
R 00 00 00 06 00 03 00 06 00 06 00 06
T 00 15 77 04 E9 CC 04 1B
R 00 00 00 06 00 03 00 06 00 06 00 06
T 00 15 7C 15 5E 83 41 46 54
R 00 00 00 06 00 03 00 06
T 00 15 82
R 00 00 00 06
T 00 15 82 CD 04 CF CD 15 35 CD
R 00 00 00 06 00 04 00 06 00 07 00 06
T 00 15 89 0B 28 CC 04 E9
R 00 00 00 06 00 03 00 06 00 06 00 06
T 00 15 8E 15 7E 86 41 42 4F 52 54 22
R 00 00 00 06 00 03 00 06
T 00 15 97
R 00 00 00 06
T 00 15 97 CD 14 3D 12 BB CC
R 00 00 00 06 00 04 00 06 00 06 00 06
T 00 15 9D 14 6D 15 90 82 24 22
R 00 00 00 06 00 03 00 06 00 05 00 06
T 00 15 A4
R 00 00 00 06
T 00 15 A4 CD 14 3D 0E D5 CC
R 00 00 00 06 00 04 00 06 00 06 00 06
T 00 15 AA 14 6D 15 A1 82 2E 22
R 00 00 00 06 00 03 00 06 00 05 00 06
T 00 15 B1
R 00 00 00 06
T 00 15 B1 CD 14 3D 0E DF CC
R 00 00 00 06 00 04 00 06 00 06 00 06
T 00 15 B7 14 6D 15 AE 07 3F 55 4E 49 51 55 45
R 00 00 00 06 00 03 00 06 00 05 00 06
T 00 15 C3
R 00 00 00 06
T 00 15 C3 CD 04 D9 CD 11 AF CD
R 00 00 00 06 00 04 00 06 00 07 00 06
T 00 15 CA 03 E7 15 E2 CD
R 00 00 00 06 00 03 00 06 00 05 00 06
T 00 15 CF 0E DF 07 20 72 65 44 65 66 20 CD 05 03
R 00 00 00 06 00 03 00 06 00 0E 00 06
T 00 15 DC CD 0B 11 CD 0E 82 CC
R 00 00 00 06 00 04 00 06 00 07 00 06
T 00 15 E3 04 CF 15 BB 03 24 2C 6E
R 00 00 00 06 00 03 00 06 00 05 00 06
T 00 15 EB
R 00 00 00 06
T 00 15 EB CD 04 D9 CD 04 50 CD
R 00 00 00 06 00 04 00 06 00 07 00 06
T 00 15 F2 03 E7 16 21 CD
R 00 00 00 06 00 03 00 06 00 05 00 06
T 00 15 F7 15 C3 CD 04 D9 CD
R 00 00 00 06 00 03 00 06 00 06 00 06
T 00 15 FD 0B 11 CD 06 D4 CD
R 00 00 00 06 00 03 00 06 00 06 00 06
T 00 16 03 06 27 CD 04 1B CD
R 00 00 00 06 00 03 00 06 00 06 00 06
T 00 16 09 04 D9 CD 06 45 CD
R 00 00 00 06 00 03 00 06 00 06 00 06
T 00 16 0F 04 1B CD 09 B2 CD
R 00 00 00 06 00 03 00 06 00 06 00 06
T 00 16 15 06 19 CD 04 32 CD
R 00 00 00 06 00 03 00 06 00 06 00 06
T 00 16 1B 04 E9 CD 04 1B 81 CD
R 00 00 00 06 00 03 00 06 00 06 00 06
T 00 16 22 0E D5 05 20 6E 61 6D 65 CC 12 C3
R 00 00 00 06 00 03 00 06 00 0C 00 06
T 00 16 2D 15 E7 08 24 43 4F 4D 50 49 4C 45
R 00 00 00 06 00 03 00 06
T 00 16 38
R 00 00 00 06
T 00 16 38 CD 11 AF CD 06 83 CD
R 00 00 00 06 00 04 00 06 00 07 00 06
T 00 16 3F 03 E7 16 59 CD
R 00 00 00 06 00 03 00 06 00 05 00 06
T 00 16 44 04 32 CD 03 B4 80 00 CD
R 00 00 00 06 00 03 00 06 00 06 00 06
T 00 16 4C 05 25 CD 03 E7
R 00 00 00 06 00 03 00 06 00 06 00 06
T 00 16 51 16 56 CC 04 0E CC
R 00 00 00 06 00 03 00 06 00 06 00 06
T 00 16 57 16 F3 CD 0D 4D CD
R 00 00 00 06 00 03 00 06 00 06 00 06
T 00 16 5D 03 E7 12 C3 CC
R 00 00 00 06 00 03 00 06 00 05 00 06
T 00 16 62 14 5F 16 2F 05 4F 56 45 52 54
R 00 00 00 06 00 03 00 06 00 05 00 06
T 00 16 6C
R 00 00 00 06
T 00 16 6C CD 06 45 CD 04 32 CD
R 00 00 00 06 00 04 00 06 00 07 00 06
T 00 16 73 06 19 CC 04 1B
R 00 00 00 06 00 03 00 06 00 06 00 06
T 00 16 78 16 66 C1 3B
R 00 00 00 06 00 03 00 06
T 00 16 7C
R 00 00 00 06
T 00 16 7C CD 03 B4 00 81 CD 14 0F CD
R 00 00 00 06 00 04 00 06 00 09 00 06
T 00 16 85 13 24 CD 16 6C CD
R 00 00 00 06 00 03 00 06 00 06 00 06
T 00 16 8B 20 58 CD 06 83 CD
R 00 00 00 06 00 03 00 06 00 06 00 06
T 00 16 91 03 E7 17 C3 CD
R 00 00 00 06 00 03 00 06 00 05 00 06
T 00 16 96 20 EC 81 16 7A C2 49 3B
R 00 00 00 06 00 03 00 06 00 06 00 06
T 00 16 9E
R 00 00 00 06
T 00 16 9E 1D 00 02 90 AE 00 80 FF CD 14 0F CD
R 00 00 00 06 00 0C 00 06
T 00 16 AA 13 24 CD 21 31 CD
R 00 00 00 06 00 03 00 06 00 06 00 06
T 00 16 B0 06 83 CD 03 E7
R 00 00 00 06 00 03 00 06 00 06 00 06
T 00 16 B5 17 C3 CD 06 35 CD
R 00 00 00 06 00 03 00 06 00 06 00 06
T 00 16 BB 04 32 CD 04 E9 CD
R 00 00 00 06 00 03 00 06 00 06 00 06
T 00 16 C1 06 35 CD 04 1B CD
R 00 00 00 06 00 03 00 06 00 06 00 06
T 00 16 C7 1B 1E CD 1A DB CD
R 00 00 00 06 00 03 00 06 00 06 00 06
T 00 16 CD 04 CF CD 04 32 CD
R 00 00 00 06 00 03 00 06 00 06 00 06
T 00 16 D3 06 27 CD 04 1B CC
R 00 00 00 06 00 03 00 06 00 06 00 06
T 00 16 D9 0A 3A 81 16 9B 01 5D
R 00 00 00 06 00 03 00 06 00 06 00 06
T 00 16 E0
R 00 00 00 06
T 00 16 E0 CD 03 B4 16 38 CD
R 00 00 00 06 00 04 00 06 00 06 00 06
T 00 16 E6 05 F7 CC 04 1B
R 00 00 00 06 00 03 00 06 00 06 00 06
T 00 16 EB 16 DE 05 43 41 4C 4C 2C
R 00 00 00 06 00 03 00 06
T 00 16 F3
R 00 00 00 06
T 00 16 F3 CD 03 B4 00 CD CD 14 0F CC
R 00 00 00 06 00 04 00 06 00 09 00 06
T 00 16 FC 13 F8 16 ED 08 49 4E 49 54 2D 4F 46 53
R 00 00 00 06 00 03 00 06 00 05 00 06
T 00 17 09
R 00 00 00 06
T 00 17 09 CD 05 E6 CD 04 32 CD
R 00 00 00 06 00 04 00 06 00 07 00 06
T 00 17 10 04 D9 CD 03 E7
R 00 00 00 06 00 03 00 06 00 06 00 06
T 00 17 15 17 26 CD 04 CF CD
R 00 00 00 06 00 03 00 06 00 06 00 06
T 00 17 1B 06 35 CD 04 32 CD
R 00 00 00 06 00 03 00 06 00 06 00 06
T 00 17 21 0B 28 CD 07 4D CD
R 00 00 00 06 00 03 00 06 00 06 00 06
T 00 17 27 06 6A CC 04 1B
R 00 00 00 06 00 03 00 06 00 06 00 06
T 00 17 2C 17 00 01 3A
R 00 00 00 06 00 03 00 06
T 00 17 30
R 00 00 00 06
T 00 17 30 CD 17 09 CD 10 B2 CD
R 00 00 00 06 00 04 00 06 00 07 00 06
T 00 17 37 15 EB CC 16 E0
R 00 00 00 06 00 03 00 06 00 06 00 06
T 00 17 3C 17 2E 02 49 3A
R 00 00 00 06 00 03 00 06
T 00 17 41
R 00 00 00 06
T 00 17 41 CD 17 09 CC 16 E0
R 00 00 00 06 00 04 00 06 00 07 00 06
T 00 17 47 17 3E 09 49 4D 4D 45 44 49 41 54 45
R 00 00 00 06 00 03 00 06
T 00 17 53
R 00 00 00 06
T 00 17 53 CD 03 B4 80 00 CD 06 45 CD
R 00 00 00 06 00 04 00 06 00 09 00 06
T 00 17 5C 04 32 CD 04 32 CD
R 00 00 00 06 00 03 00 06 00 06 00 06
T 00 17 62 05 39 CD 06 45 CD
R 00 00 00 06 00 03 00 06 00 06 00 06
T 00 17 68 04 32 CC 04 1B
R 00 00 00 06 00 03 00 06 00 06 00 06
T 00 17 6D 17 49 06 43 52 45 41 54 45
R 00 00 00 06 00 03 00 06
T 00 17 76
R 00 00 00 06
T 00 17 76 CD 10 B2 CD 15 EB CD
R 00 00 00 06 00 04 00 06 00 07 00 06
T 00 17 7D 16 6C CD 14 3D
R 00 00 00 06 00 03 00 06 00 06 00 06
T 00 17 82 05 86 81 17 6F 08 56 41 52 49 41 42 4C
R 00 00 00 06 00 03 00 06 00 06 00 06
T 00 17 8F 45
R 00 00 00 06
T 00 17 90
R 00 00 00 06
T 00 17 90 CD 0B 28 CD 04 D9 CD
R 00 00 00 06 00 04 00 06 00 07 00 06
T 00 17 97 09 A3 CD 06 27 CD
R 00 00 00 06 00 03 00 06 00 06 00 06
T 00 17 9D 04 1B CD 17 76 CD
R 00 00 00 06 00 03 00 06 00 06 00 06
T 00 17 A3 04 D9 CD 13 F8 CD
R 00 00 00 06 00 03 00 06 00 06 00 06
T 00 17 A9 0A 3A CD 04 E9 CD
R 00 00 00 06 00 03 00 06 00 06 00 06
T 00 17 AF 04 1B CD 20 58 CD
R 00 00 00 06 00 03 00 06 00 06 00 06
T 00 17 B5 06 83 CD 03 E7
R 00 00 00 06 00 03 00 06 00 06 00 06
T 00 17 BA 17 C3 CD 1B 35 CD
R 00 00 00 06 00 03 00 06 00 06 00 06
T 00 17 C0 20 EC 81
R 00 00 00 06 00 03 00 06
T 00 17 C3
R 00 00 00 06
T 00 17 C3 CD 06 45 CD 04 32 CD
R 00 00 00 06 00 04 00 06 00 07 00 06
T 00 17 CA 06 58 CC 04 1B
R 00 00 00 06 00 03 00 06 00 06 00 06
T 00 17 CF 17 87 08 43 4F 4E 53 54 41 4E 54
R 00 00 00 06 00 03 00 06
T 00 17 DA
R 00 00 00 06
T 00 17 DA CD 10 B2 CD 15 EB CD
R 00 00 00 06 00 04 00 06 00 07 00 06
T 00 17 E1 16 6C CD 14 3D
R 00 00 00 06 00 03 00 06 00 06 00 06
T 00 17 E6 18 04 CD 13 F8 CD
R 00 00 00 06 00 03 00 06 00 06 00 06
T 00 17 EC 20 58 CD 06 83 CD
R 00 00 00 06 00 03 00 06 00 06 00 06
T 00 17 F2 03 E7 17 C3 CD
R 00 00 00 06 00 03 00 06 00 05 00 06
T 00 17 F7 20 EC 81 17 D1 07 44 4F 43 4F 4E 53 54
R 00 00 00 06 00 03 00 06 00 06 00 06
T 00 18 04
R 00 00 00 06
T 00 18 04 1D 00 02 90 85 90 FE FF 81 17 FC 06 44
R 00 00 00 06 00 0C 00 06
T 00 18 11 43 4F 4E 53 54
R 00 00 00 06
T 00 18 16
R 00 00 00 06
T 00 18 16 CD 10 B2 CD 15 EB CD
R 00 00 00 06 00 04 00 06 00 07 00 06
T 00 18 1D 16 6C CD 14 3D
R 00 00 00 06 00 03 00 06 00 06 00 06
T 00 18 22 18 45 CD 13 F8 CD
R 00 00 00 06 00 03 00 06 00 06 00 06
T 00 18 28 13 F8 CD 20 58 CD
R 00 00 00 06 00 03 00 06 00 06 00 06
T 00 18 2E 06 83 CD 03 E7
R 00 00 00 06 00 03 00 06 00 06 00 06
T 00 18 33 17 C3 CD 20 EC 81
R 00 00 00 06 00 03 00 06 00 06 00 06
T 00 18 39 18 0F 09 44 4F 2D 44 43 4F 4E 53 54
R 00 00 00 06 00 03 00 06
T 00 18 45
R 00 00 00 06
T 00 18 45 90 85 90 BF 24 1D 00 04 90 FE FF 90 BE
R 00 00 00 06
T 00 18 52 24 90 EE 02 EF 02 81 18 3B 05 5F 54 59
R 00 00 00 06 00 0A 00 06
T 00 18 5F 50 45
R 00 00 00 06
T 00 18 61
R 00 00 00 06
T 00 18 61 CD 04 A2 20 0F CD 04 D9 CD
R 00 00 00 06 00 04 00 06 00 09 00 06
T 00 18 6A 04 50 CD 0A 64 CD
R 00 00 00 06 00 03 00 06 00 06 00 06
T 00 18 70 03 9E CD 09 CE CD
R 00 00 00 06 00 03 00 06 00 06 00 06
T 00 18 76 03 C8 18 66 CC
R 00 00 00 06 00 03 00 06 00 05 00 06
T 00 18 7B 04 CF 18 5B 03 64 6D 2B
R 00 00 00 06 00 03 00 06 00 05 00 06
T 00 18 83
R 00 00 00 06
T 00 18 83 CD 05 03 CD 03 B4 00 04 CD
R 00 00 00 06 00 04 00 06 00 07 00 06
T 00 18 8C 0F 08 CD 0E 58 CD
R 00 00 00 06 00 03 00 06 00 06 00 06
T 00 18 92 04 A2 20 11 CD 04 D9 CD
R 00 00 00 06 00 03 00 06 00 08 00 06
T 00 18 9A 04 50 CD 03 B4 00 03 CD
R 00 00 00 06 00 03 00 06 00 06 00 06
T 00 18 A2 0F 08 CD 09 CE CD
R 00 00 00 06 00 03 00 06 00 06 00 06
T 00 18 A8 03 C8 18 96 81
R 00 00 00 06 00 03 00 06 00 05 00 06
T 00 18 AD 18 7F 04 44 55 4D 50
R 00 00 00 06 00 03 00 06
T 00 18 B4
R 00 00 00 06
T 00 18 B4 CD 05 96 CD 04 32 CD
R 00 00 00 06 00 04 00 06 00 07 00 06
T 00 18 BB 04 A2 CD 0C E0 CD
R 00 00 00 06 00 03 00 06 00 06 00 06
T 00 18 C1 03 B4 00 10 CD 08 F4 CD
R 00 00 00 06 00 03 00 06 00 08 00 06
T 00 18 C9 04 A2 CD 0E A0 CD
R 00 00 00 06 00 03 00 06 00 06 00 06
T 00 18 CF 03 B4 00 10 CD 06 BF CD
R 00 00 00 06 00 03 00 06 00 08 00 06
T 00 18 D7 18 83 CD 06 94 CD
R 00 00 00 06 00 03 00 06 00 06 00 06
T 00 18 DD 06 94 CD 0E 58 CD
R 00 00 00 06 00 03 00 06 00 06 00 06
T 00 18 E3 0E 58 CD 18 61 CD
R 00 00 00 06 00 03 00 06 00 06 00 06
T 00 18 E9 03 C8 18 CB CD
R 00 00 00 06 00 03 00 06 00 05 00 06
T 00 18 EE 04 CF CD 04 83 CD
R 00 00 00 06 00 03 00 06 00 06 00 06
T 00 18 F4 05 96 CC 04 1B
R 00 00 00 06 00 03 00 06 00 06 00 06
T 00 18 F9 18 AF 02 2E 53
R 00 00 00 06 00 03 00 06
T 00 18 FE
R 00 00 00 06
T 00 18 FE CD 0E A0 CD 0A 7C CD
R 00 00 00 06 00 04 00 06 00 07 00 06
T 00 19 05 04 A2 20 09 CD 04 96 CD
R 00 00 00 06 00 03 00 06 00 08 00 06
T 00 19 0D 0A 93 CD 0F 3B CD
R 00 00 00 06 00 03 00 06 00 06 00 06
T 00 19 13 03 C8 19 09 CD
R 00 00 00 06 00 03 00 06 00 05 00 06
T 00 19 18 0E DF 05 20 3C 73 70 20 81 18 FB 05 3E
R 00 00 00 06 00 03 00 06 00 0C 00 06
T 00 19 25 4E 41 4D 45
R 00 00 00 06
T 00 19 29
R 00 00 00 06
T 00 19 29 CD 06 19 CD 04 32 CD
R 00 00 00 06 00 04 00 06 00 07 00 06
T 00 19 30 04 D9 CD 03 E7
R 00 00 00 06 00 03 00 06 00 06 00 06
T 00 19 35 19 50 CD 06 BF CD
R 00 00 00 06 00 03 00 06 00 06 00 06
T 00 19 3B 10 C0 CD 05 4E CD
R 00 00 00 06 00 03 00 06 00 06 00 06
T 00 19 41 03 E7 19 4A CD
R 00 00 00 06 00 03 00 06 00 05 00 06
T 00 19 46 09 B2 20 E2 CD 04 E9 CC
R 00 00 00 06 00 03 00 06 00 08 00 06
T 00 19 4E 04 CF CD 06 B4 CC
R 00 00 00 06 00 03 00 06 00 06 00 06
T 00 19 54 0A 3A 19 23 03 2E 49 44
R 00 00 00 06 00 03 00 06 00 05 00 06
T 00 19 5C
R 00 00 00 06
T 00 19 5C CD 06 83 CD 03 E7
R 00 00 00 06 00 04 00 06 00 07 00 06
T 00 19 62 19 72 CD 0B 11 CD
R 00 00 00 06 00 03 00 06 00 06 00 06
T 00 19 68 03 B4 00 1F CD 05 25 CC
R 00 00 00 06 00 03 00 06 00 08 00 06
T 00 19 70 18 61 CD 0E DF 09 20 6E 6F 4E 61 6D 65
R 00 00 00 06 00 03 00 06 00 06 00 06
T 00 19 7D 81 19 58 05 57 4F 52 44 53
R 00 00 00 06 00 04 00 06
T 00 19 86
R 00 00 00 06
T 00 19 86 CD 0E A0 CD 06 19 CD
R 00 00 00 06 00 04 00 06 00 07 00 06
T 00 19 8D 04 32 CD 06 83 CD
R 00 00 00 06 00 03 00 06 00 06 00 06
T 00 19 93 03 E7 19 A8 CD
R 00 00 00 06 00 03 00 06 00 05 00 06
T 00 19 98 04 D9 CD 0E 58 CD
R 00 00 00 06 00 03 00 06 00 06 00 06
T 00 19 9E 19 5C CD 09 B2 CD
R 00 00 00 06 00 03 00 06 00 06 00 06
T 00 19 A4 03 FE 19 8C 81
R 00 00 00 06 00 03 00 06 00 05 00 06
T 00 19 A9 19 80 02 68 69
R 00 00 00 06 00 03 00 06
T 00 19 AE
R 00 00 00 06
T 00 19 AE CD 0E A0 CD 0E DF 0F 73 74 6D 38 65 46
R 00 00 00 06 00 04 00 06 00 07 00 06
T 00 19 BB 6F 72 74 68 20 76 33 2E 30 CD 0E DF 13
R 00 00 00 06 00 0D 00 06
T 00 19 C8 20 6F 6E 20 53 54 4D 38 53 2D 44 49 53
R 00 00 00 06
T 00 19 D5 43 4F 56 45 52 59 CC 0E A0 19 AB 05 27
R 00 00 00 06 00 0A 00 06 00 0C 00 06
T 00 19 E2 42 4F 4F 54
R 00 00 00 06
T 00 19 E6
R 00 00 00 06
T 00 19 E6 CD 05 86 40 02 19 E0 04 43 4F 4C 44
R 00 00 00 06 00 04 00 06 00 08 00 06
T 00 19 F2
R 00 00 00 06
T 00 19 F2 CD 03 B4 00 2B CD
R 00 00 00 06 00 04 00 06 00 06 00 06
T 00 19 F8 03 B4 00 06 CD 03 B4 00 1A CD
R 00 00 00 06 00 03 00 06 00 08 00 06
T 00 1A 02 0B 75 90 CE 40 02 26 0B 1D 00 02 90 AE
R 00 00 00 06 00 03 00 06
T 00 1A 0F 19 AE FF CD 1B 0D
R 00 00 00 06 00 03 00 06 00 07 00 06
T 00 1A 15
R 00 00 00 06
T 00 1A 15 90 CE 40 00 90 B3 1A 22 05 CD 1A F5 20
R 00 00 00 06 00 0D 00 06
T 00 1A 22 06
R 00 00 00 06
T 00 1A 23
R 00 00 00 06
T 00 1A 23 90 BF 1A 90 BF 14
R 00 00 00 06
T 00 1A 29
R 00 00 00 06
T 00 1A 29 90 CE 40 04 90 B3 18 24 06 CD 1B 1E 90
R 00 00 00 06 00 0D 00 06
T 00 1A 36 BE 18
R 00 00 00 06
T 00 1A 38
R 00 00 00 06
T 00 1A 38 90 BF 18 90 CE 40 06 90 B3 16 22 05 CD
R 00 00 00 06
T 00 1A 45 1B 35 20 03
R 00 00 00 06 00 03 00 06
T 00 1A 49
R 00 00 00 06
T 00 1A 49 90 BF 16
R 00 00 00 06
T 00 1A 4C
R 00 00 00 06
T 00 1A 4C CD 13 A3 CD 19 E6 CD
R 00 00 00 06 00 04 00 06 00 07 00 06
T 00 1A 53 0B 5E CD 16 6C CC
R 00 00 00 06 00 03 00 06 00 06 00 06
T 00 1A 59 13 C0 19 ED 03 46 50 21
R 00 00 00 06 00 03 00 06 00 05 00 06
T 00 1A 61
R 00 00 00 06
T 00 1A 61 90 93 90 FE 90 9F B7 32 1C 00 02 90 93
R 00 00 00 06
T 00 1A 6E 90 FE 90 BF 33 1C 00 02 81 1A 5D 06 45
R 00 00 00 06 00 0C 00 06
T 00 1A 7B 45 50 52 4F 4D
R 00 00 00 06
T 00 1A 80
R 00 00 00 06
T 00 1A 80 90 AE 40 00 1D 00 04 EF 02 90 5F FF 81
R 00 00 00 06
T 00 1A 8D 1A 79 08 45 45 50 2D 4C 41 53 54
R 00 00 00 06 00 03 00 06
T 00 1A 98
R 00 00 00 06
T 00 1A 98 1D 00 04 90 AE 40 00 EF 02 90 5F FF 81
R 00 00 00 06
T 00 1A A5 1A 8F 07 45 45 50 2D 52 55 4E
R 00 00 00 06 00 03 00 06
T 00 1A AF
R 00 00 00 06
T 00 1A AF 1D 00 04 90 AE 40 02 EF 02 90 5F FF 81
R 00 00 00 06
T 00 1A BC 1A A7 06 45 45 50 2D 43 50
R 00 00 00 06 00 03 00 06
T 00 1A C5
R 00 00 00 06
T 00 1A C5 1D 00 04 90 AE 40 04 EF 02 90 5F FF 81
R 00 00 00 06
T 00 1A D2 1A BE 06 45 45 50 2D 56 50
R 00 00 00 06 00 03 00 06
T 00 1A DB
R 00 00 00 06
T 00 1A DB 1D 00 04 90 AE 40 06 EF 02 90 5F FF 81
R 00 00 00 06
T 00 1A E8 1A D4 0A 55 50 44 41 54 2D 4C 41 53 54
R 00 00 00 06 00 03 00 06
T 00 1A F5
R 00 00 00 06
T 00 1A F5 CD 06 45 CD 04 32 CD
R 00 00 00 06 00 04 00 06 00 07 00 06
T 00 1A FC 1A 98 CC 1C C8
R 00 00 00 06 00 03 00 06 00 06 00 06
T 00 1B 01 1A EA 09 55 50 44 41 54 2D 52 55 4E
R 00 00 00 06 00 03 00 06
T 00 1B 0D
R 00 00 00 06
T 00 1B 0D CD 1A AF CC 1C C8
R 00 00 00 06 00 04 00 06 00 07 00 06
T 00 1B 13 1B 03 08 55 50 44 41 54 2D 43 50
R 00 00 00 06 00 03 00 06
T 00 1B 1E
R 00 00 00 06
T 00 1B 1E CD 06 35 CD 04 32 CD
R 00 00 00 06 00 04 00 06 00 07 00 06
T 00 1B 25 1A C5 CC 1C C8
R 00 00 00 06 00 03 00 06 00 06 00 06
T 00 1B 2A 1B 15 08 55 50 44 41 54 2D 56 50
R 00 00 00 06 00 03 00 06
T 00 1B 35
R 00 00 00 06
T 00 1B 35 CD 06 27 CD 04 32 CD
R 00 00 00 06 00 04 00 06 00 07 00 06
T 00 1B 3C 1A DB CC 1C C8
R 00 00 00 06 00 03 00 06 00 06 00 06
T 00 1B 41 1B 2C 06 55 4E 4C 4B 45 45
R 00 00 00 06 00 03 00 06
T 00 1B 4A
R 00 00 00 06
T 00 1B 4A 35 00 50 5B 35 FF 50 5C 35 AE 50 64 35
R 00 00 00 06
T 00 1B 57 56 50 64 72 07 50 5F FB 81 1B 43 06 55
R 00 00 00 06 00 0C 00 06
T 00 1B 64 4E 4C 4B 46 4C
R 00 00 00 06
T 00 1B 69
R 00 00 00 06
T 00 1B 69 35 00 50 5B 35 FF 50 5C 35 56 50 62 35
R 00 00 00 06
T 00 1B 76 AE 50 62 72 03 50 5F FB 81 1B 62 06 55
R 00 00 00 06 00 0C 00 06
T 00 1B 83 4E 4C 4F 43 4B
R 00 00 00 06
T 00 1B 88
R 00 00 00 06
T 00 1B 88 90 BE 33 3D 32 26 16 90 A3 80 00 24 10
R 00 00 00 06
T 00 1B 95 90 A3 40 00 25 0D 90 A3 48 7F 22 07 CD
R 00 00 00 06
T 00 1B A2 1B 4A 81 CD 1B 69 81
R 00 00 00 06 00 03 00 06 00 07 00 06
T 00 1B A9 1B 81 04 4C 4F 43 4B
R 00 00 00 06 00 03 00 06
T 00 1B B0
R 00 00 00 06
T 00 1B B0 72 13 50 5F 72 17 50 5F 81 1B AB 08 49
R 00 00 00 06 00 0C 00 06
T 00 1B BD 4E 43 2D 46 50 54 52
R 00 00 00 06
T 00 1B C4
R 00 00 00 06
T 00 1B C4 3C 34 26 0C 90 89 90 BE 32 90 5C 90 BF
R 00 00 00 06
T 00 1B D1 32 90 85 81 1B BB 04 50 54 52 2B
R 00 00 00 06 00 07 00 06
T 00 1B DC
R 00 00 00 06
T 00 1B DC 90 93 1C 00 02 72 B9 00 33 90 BF 33 24
R 00 00 00 06
T 00 1B E9 02 3C 32 81 1B D7 07 45 45 2D 52 45 41
R 00 00 00 06 00 07 00 06
T 00 1B F6 44
R 00 00 00 06
T 00 1B F7
R 00 00 00 06
T 00 1B F7 1D 00 02 92 BC 00 32 90 95 CD 1B C4 92
R 00 00 00 06 00 0D 00 06
T 00 1C 04 BC 00 32 CD 1B C4 90 97 FF 81 1B EF 08
R 00 00 00 06 00 07 00 06 00 0D 00 06
T 00 1C 11 45 45 2D 43 52 45 41 44
R 00 00 00 06
T 00 1C 19
R 00 00 00 06
T 00 1C 19 1D 00 02 92 BC 00 32 CD 1B C4 90 5F 90
R 00 00 00 06 00 0B 00 06
T 00 1C 26 97 FF 81 1C 10 07 57 52 2D 42 59 54 45
R 00 00 00 06 00 06 00 06
T 00 1C 33
R 00 00 00 06
T 00 1C 33 90 93 90 FE 1C 00 02 90 9F 92 BD 00 32
R 00 00 00 06
T 00 1C 40 72 05 50 5F FB CC 1B C4 1C 2B 07 57 52
R 00 00 00 06 00 09 00 06 00 0B 00 06
T 00 1C 4D 2D 57 4F 52 44
R 00 00 00 06
T 00 1C 52
R 00 00 00 06
T 00 1C 52 90 93 90 FE 1C 00 02 90 9E 92 BD 00 32
R 00 00 00 06
T 00 1C 5F 72 05 50 5F FB CD 1B C4 90 9F 92 BD
R 00 00 00 06 00 09 00 06
T 00 1C 6B 00 32 72 05 50 5F FB CC 1B C4 1C 4A 04
R 00 00 00 06 00 0B 00 06 00 0D 00 06
T 00 1C 78 45 45 43 21
R 00 00 00 06
T 00 1C 7C
R 00 00 00 06
T 00 1C 7C 52 02 CD 1A 61 E6 01 43 6B 01 0F 02 CD
R 00 00 00 06 00 06 00 06
T 00 1C 89 1B 88 3D 32 26 19 90 BE 33 90 A3 48 00
R 00 00 00 06 00 03 00 06
T 00 1C 96 2B 10 90 A3 48 80 2A 0A 03 02 72 1E
R 00 00 00 06
T 00 1C A2 50 5B 72 1F 50 5C
R 00 00 00 06
T 00 1C A8
R 00 00 00 06
T 00 1C A8 CD 1C 33 0D 02 27 0D 7B 01 90 5F 90 97
R 00 00 00 06 00 04 00 06
T 00 1C B5 1D 00 02 FF CD 1C 33
R 00 00 00 06 00 08 00 06
T 00 1C BC
R 00 00 00 06
T 00 1C BC CD 1B B0 5B 02 81 1C 77 03 45 45 21
R 00 00 00 06 00 04 00 06 00 09 00 06
T 00 1C C8
R 00 00 00 06
T 00 1C C8 CD 1A 61 CD 1B 88 90 93 90 FE 90 89 90
R 00 00 00 06 00 04 00 06 00 07 00 06
T 00 1C D5 5E FF CD 1C 33 90 85 1D 00 02 FF CD
R 00 00 00 06 00 06 00 06
T 00 1C E1 1C 33 CC 1B B0
R 00 00 00 06 00 03 00 06 00 06 00 06
T 00 1C E6 1C C4 09 52 4F 57 2D 45 52 41 53 45
R 00 00 00 06 00 03 00 06
T 00 1C F2
R 00 00 00 06
T 00 1C F2 CD 1A 61 1D 00 02 90 AE 1D 3F FF CD
R 00 00 00 06 00 04 00 06 00 0B 00 06
T 00 1C FE 0B 39 90 AE 1D 66 72 A2
R 00 00 00 06 00 03 00 06 00 07 00 06
T 00 1D 06 1D 3F 1D 00 02 FF CD 0B 75
R 00 00 00 06 00 03 00 06 00 0A 00 06
T 00 1D 0F
R 00 00 00 06
T 00 1D 0F 90 BE 33 90 A3 23 00 2A 13 90 A3 40 00
R 00 00 00 06 00 08 00 06
T 00 1D 1C 24 01 81 90 A3 43 FF 23 01 81
R 00 00 00 06
T 00 1D 26
R 00 00 00 06
T 00 1D 26 CD 1B 4A 20 03
R 00 00 00 06 00 04 00 06
T 00 1D 2B
R 00 00 00 06
T 00 1D 2B CD 1B 69
R 00 00 00 06 00 04 00 06
T 00 1D 2E
R 00 00 00 06
T 00 1D 2E CD 0B 39 90 93 90 FE 1C 00 02 90 FD 72
R 00 00 00 06 00 04 00 06
T 00 1D 3B 17 50 5F 81
R 00 00 00 06
T 00 1D 3F
R 00 00 00 06
T 00 1D 3F 35 20 50 5B 35 DF 50 5C 4F 90 5F 91 A7
R 00 00 00 06
T 00 1D 4C 00 32 90 5C 91 A7 00 32 90 5C 91 A7
R 00 00 00 06
T 00 1D 58 00 32 90 5C 91 A7 00 32 72 05 50 5F FB
R 00 00 00 06
T 00 1D 65 81
R 00 00 00 06
T 00 1D 66
R 00 00 00 06
T 00 1D 66
R 00 00 00 06
T 00 1D 66 4B 80 72 10 50 5B 72 11 50 5C 90 5F F6
R 00 00 00 06
T 00 1D 73 91 A7 00 32 5C 90 5C 0A 01 26 F4 72 05
R 00 00 00 06
T 00 1D 80 50 5F FB 84 81
R 00 00 00 06
T 00 1D 85
R 00 00 00 06
T 00 1D 85
R 00 00 00 06
T 00 1D 85 1D 00 06 90 AE 1D 66 EF 04 90 AE 07 00
R 00 00 00 06 00 08 00 06
T 00 1D 92 EF 02 90 AE 1D 85 72 A2 1D 66 FF CD
R 00 00 00 06 00 07 00 06 00 0B 00 06
T 00 1D 9E 0B 75 81 1C E8 06 57 52 2D 52 4F 57
R 00 00 00 06 00 03 00 06 00 06 00 06
T 00 1D AA
R 00 00 00 06
T 00 1D AA CD 1A 61 A6 80 B4 34 B7 34 CD 1D 85 CD
R 00 00 00 06 00 04 00 06 00 0D 00 06
T 00 1D B7 1B 88 90 93 90 FE 1C 00 02 89 93 CD
R 00 00 00 06 00 03 00 06
T 00 1D C3 07 00 CD 1B B0 85 81 1D A3 07 53 45 54
R 00 00 00 06 00 06 00 06 00 0A 00 06
T 00 1D D0 2D 4F 50 54
R 00 00 00 06
T 00 1D D4
R 00 00 00 06
T 00 1D D4 90 93 90 FE 27 06 90 A3 00 07 23 04 1C
R 00 00 00 06
T 00 1D E1 00 04 81 90 58 72 A9 47 FF FF 1D 00 02
R 00 00 00 06
T 00 1D EE 90 5F FF CD 1C 7C 81 1D CC 08 50 52 49
R 00 00 00 06 00 07 00 06 00 0A 00 06
T 00 1D FB 53 54 49 4E 45
R 00 00 00 06
T 00 1E 00
R 00 00 00 06
T 00 1E 00 CD 1A 80 CD 06 BF CD
R 00 00 00 06 00 04 00 06 00 07 00 06
T 00 1E 07 1C F2 90 93 90 EE 02 72 A9 00 80 EF 02
R 00 00 00 06 00 03 00 06
T 00 1E 14 90 A3 48 00 25 E9 90 AE 00 01 FF 90 5F
R 00 00 00 06
T 00 1E 21 EF 02 CD 06 BF CD 1D D4 90 93 90 FE 90
R 00 00 00 06 00 06 00 06 00 09 00 06
T 00 1E 2E 5C 90 A3 00 08 25 E9 90 AE 23 00 EF 02
R 00 00 00 06 00 0C 00 06
T 00 1E 3B 90 5F FF CD 1C F2 1D 00 02 90 5F FF CD
R 00 00 00 06 00 07 00 06
T 00 1E 48 04 D9 CD 1E 67 90 93 90 FE 90 5C 90 A3
R 00 00 00 06 00 03 00 06 00 06 00 06
T 00 1E 55 00 19 25 ED CC 00 00 1D F7 08 52 53 54
R 00 00 00 06 00 08 00 06 00 0A 00 06
T 00 1E 62 2D 49 56 45 43
R 00 00 00 06
T 00 1E 67
R 00 00 00 06
T 00 1E 67 90 93 1C 00 02 90 FE 90 A3 00 17 27 3A
R 00 00 00 06
T 00 1E 74 90 A3 00 1D 22 34 90 58 90 58 72 A9
R 00 00 00 06
T 00 1E 80 80 08 90 BF 24 1D 00 06 EF 02 90 5F FF
R 00 00 00 06
T 00 1E 8D A6 82 90 95 EF 04 CD 1C C8 1D 00 06 90
R 00 00 00 06 00 0A 00 06
T 00 1E 9A 5F FF 90 AE 00 00 EF 04 90 BE 24 72 A9
R 00 00 00 06 00 07 00 06
T 00 1E A7 00 02 EF 02 CD 1C C8 81 1E 5E 07 43 48
R 00 00 00 06 00 08 00 06 00 0B 00 06
T 00 1E B4 4B 49 56 45 43
R 00 00 00 06
T 00 1E B9
R 00 00 00 06
T 00 1E B9 52 06 90 93 90 FE 17 03 1F 01 AE 80 0A
R 00 00 00 06
T 00 1E C6 BF 33 AE FF FC 1C 00 04 A3 00 78 27 22
R 00 00 00 06
T 00 1E D3 90 93 91 D6 33 11 03 25 EF 90 5C 91 D6
R 00 00 00 06
T 00 1E E0 33 11 04 25 E6 1F 05 54 54 90 93 1E 01
R 00 00 00 06
T 00 1E ED FF CD 1E 67 1E 05 20 D6 1E 01 1C 00 02
R 00 00 00 06 00 05 00 06
T 00 1E FA 5B 06 81 1E B1 08 53 45 54 2D 49 56 45
R 00 00 00 06 00 06 00 06
T 00 1F 07 43
R 00 00 00 06
T 00 1F 08
R 00 00 00 06
T 00 1F 08 90 93 1C 00 02 90 FE 90 A3 00 1D 23 04
R 00 00 00 06
T 00 1F 15 1C 00 04 81 90 58 90 58 72 A9 80 08 90
R 00 00 00 06
T 00 1F 22 BF 24 A6 82 90 95 E6 01 90 97 1D 00 06
R 00 00 00 06
T 00 1F 2F EF 04 90 BE 24 EF 02 90 5F FF CD 1C C8
R 00 00 00 06 00 0E 00 06
T 00 1F 3C 90 93 90 EE 02 1D 00 06 EF 04 90 BE 24
R 00 00 00 06
T 00 1F 49 72 A9 00 02 EF 02 90 5F FF CD 1C C8 1C
R 00 00 00 06 00 0D 00 06
T 00 1F 56 00 04 81 1E FF 03 45 45 2C
R 00 00 00 06 00 06 00 06
T 00 1F 5F
R 00 00 00 06
T 00 1F 5F 1D 00 04 90 BE 18 90 89 EF 02 90 5F FF
R 00 00 00 06
T 00 1F 6C CD 1C C8 90 85 72 A9 00 02 90 BF 18 81
R 00 00 00 06 00 04 00 06
T 00 1F 79 1F 5B 04 45 45 43 2C
R 00 00 00 06 00 03 00 06
T 00 1F 80
R 00 00 00 06
T 00 1F 80 1D 00 04 90 BE 18 90 89 EF 02 90 5F FF
R 00 00 00 06
T 00 1F 8D CD 1C 7C 90 85 90 5C 90 BF 18 81 1F 7B
R 00 00 00 06 00 04 00 06 00 0E 00 06
T 00 1F 9A 07 52 4F 57 3E 42 55 46
R 00 00 00 06
T 00 1F A2
R 00 00 00 06
T 00 1F A2 CD 1A 61 A6 80 88 B4 34 B7 34 90 AE
R 00 00 00 06 00 04 00 06
T 00 1F AE 06 80 92 BC 00 32 90 F7 CD 1B C4 90 5C
R 00 00 00 06 00 0C 00 06
T 00 1F BB 0A 01 26 F1 84 81 1F 9A 07 42 55 46 3E
R 00 00 00 06 00 09 00 06
T 00 1F C8 52 4F 57
R 00 00 00 06
T 00 1F CB
R 00 00 00 06
T 00 1F CB CD 05 D4 CD 06 94 CD
R 00 00 00 06 00 04 00 06 00 07 00 06
T 00 1F D2 06 94 CD 1D AA 81
R 00 00 00 06 00 03 00 06 00 06 00 06
T 00 1F D8 1F C3 05 52 46 52 45 45
R 00 00 00 06 00 03 00 06
T 00 1F E0
R 00 00 00 06
T 00 1F E0 E6 01 A4 7F B7 24 A6 80 B0 24 90 5F 90
R 00 00 00 06
T 00 1F ED 97 FF 81 1F DA 06 52 41 4D 3E 45 45
R 00 00 00 06 00 06 00 06
T 00 1F F9
R 00 00 00 06
T 00 1F F9 90 93 90 EE 06 90 BF 24 90 93 90 EE 04
R 00 00 00 06
T 00 20 06 1D 00 04 FF 90 BE 24 EF 02 CD 1F A2 90
R 00 00 00 06 00 0D 00 06
T 00 20 13 93 90 EE 06 90 89 90 9F A4 7F 90 5F 90
R 00 00 00 06
T 00 20 20 97 72 A9 06 80 1D 00 02 FF CD 04 E9 CD
R 00 00 00 06 00 0D 00 06
T 00 20 2D 04 83 CD 1F E0 CD
R 00 00 00 06 00 03 00 06 00 06 00 06
T 00 20 33 07 EF CD 04 D9 CD
R 00 00 00 06 00 03 00 06 00 06 00 06
T 00 20 39 04 A2 CD 0B 75 CD
R 00 00 00 06 00 03 00 06 00 06 00 06
T 00 20 3F 1F CB CD 04 83 81
R 00 00 00 06 00 03 00 06 00 06 00 06
T 00 20 45 1F F2 05 46 41 44 44 52
R 00 00 00 06 00 03 00 06
T 00 20 4D
R 00 00 00 06
T 00 20 4D CC 0A 3A 20 47 05 46 4D 4F 56 45
R 00 00 00 06 00 04 00 06 00 06 00 06
T 00 20 58
R 00 00 00 06
T 00 20 58 CD 05 E6 CD 04 32 CD
R 00 00 00 06 00 04 00 06 00 07 00 06
T 00 20 5F 03 E7 20 DC CD
R 00 00 00 06 00 03 00 06 00 05 00 06
T 00 20 64 06 35 CD 04 32 CD
R 00 00 00 06 00 03 00 06 00 06 00 06
T 00 20 6A 04 D9 CD 06 19 CD
R 00 00 00 06 00 03 00 06 00 06 00 06
T 00 20 70 04 32 CD 03 B4 00 02 CD
R 00 00 00 06 00 03 00 06 00 06 00 06
T 00 20 78 07 4D CD 04 E9 CD
R 00 00 00 06 00 03 00 06 00 06 00 06
T 00 20 7E 20 4D CD 06 94 CD
R 00 00 00 06 00 03 00 06 00 06 00 06
T 00 20 84 04 D9 CD 04 A2
R 00 00 00 06 00 03 00 06 00 06 00 06
T 00 20 89
R 00 00 00 06
T 00 20 89 CD 0B 28 CD 04 96 CD
R 00 00 00 06 00 04 00 06 00 07 00 06
T 00 20 90 07 4D
R 00 00 00 06 00 03 00 06
T 00 20 92
R 00 00 00 06
T 00 20 92 CD 04 D9 CD 04 A2 CD
R 00 00 00 06 00 04 00 06 00 07 00 06
T 00 20 99 1F F9 CD 04 D9 CD
R 00 00 00 06 00 03 00 06 00 06 00 06
T 00 20 9F 04 A2 CD 06 D4 CD
R 00 00 00 06 00 03 00 06 00 06 00 06
T 00 20 A5 04 D9 CD 0A 3A CD
R 00 00 00 06 00 03 00 06 00 06 00 06
T 00 20 AB 04 83 CD 04 83 CD
R 00 00 00 06 00 03 00 06 00 06 00 06
T 00 20 B1 05 03 CD 07 4D CD
R 00 00 00 06 00 03 00 06 00 06 00 06
T 00 20 B7 04 D9 CD 03 E7
R 00 00 00 06 00 03 00 06 00 06 00 06
T 00 20 BC 20 D5 CD 04 E9 CD
R 00 00 00 06 00 03 00 06 00 06 00 06
T 00 20 C2 04 83 CD 06 D4 CD
R 00 00 00 06 00 03 00 06 00 06 00 06
T 00 20 C8 04 D9 CD 04 A2 CD
R 00 00 00 06 00 03 00 06 00 06 00 06
T 00 20 CE 04 E9 CD 03 FE
R 00 00 00 06 00 03 00 06 00 06 00 06
T 00 20 D3 20 92
R 00 00 00 06 00 03 00 06
T 00 20 D5
R 00 00 00 06
T 00 20 D5 CD 04 83 1C 00 0A 81
R 00 00 00 06 00 04 00 06
T 00 20 DC
R 00 00 00 06
T 00 20 DC CD 0A 3A 81 20 52 09 55 50 44 41 54 2D
R 00 00 00 06 00 04 00 06 00 07 00 06
T 00 20 E9 50 54 52
R 00 00 00 06
T 00 20 EC
R 00 00 00 06
T 00 20 EC CD 1A DB CD 04 CF CD
R 00 00 00 06 00 04 00 06 00 07 00 06
T 00 20 F3 04 32 CD 06 27 CD
R 00 00 00 06 00 03 00 06 00 06 00 06
T 00 20 F9 04 1B CD 1A C5 CD
R 00 00 00 06 00 03 00 06 00 06 00 06
T 00 20 FF 04 CF CD 04 32 CD
R 00 00 00 06 00 03 00 06 00 06 00 06
T 00 21 05 03 B4 00 02 CD 06 D4 CD
R 00 00 00 06 00 03 00 06 00 08 00 06
T 00 21 0D 04 D9 CD 06 19 CD
R 00 00 00 06 00 03 00 06 00 06 00 06
T 00 21 13 04 1B CD 06 45 CD
R 00 00 00 06 00 03 00 06 00 06 00 06
T 00 21 19 04 1B CD 1A F5 CD
R 00 00 00 06 00 03 00 06 00 06 00 06
T 00 21 1F 06 35 CD 04 1B CD
R 00 00 00 06 00 03 00 06 00 06 00 06
T 00 21 25 1B 1E 81 20 E2 06 49 46 4D 4F 56 45
R 00 00 00 06 00 03 00 06 00 06 00 06
T 00 21 31
R 00 00 00 06
T 00 21 31 CD 05 E6 CD 04 32 CD
R 00 00 00 06 00 04 00 06 00 07 00 06
T 00 21 38 03 E7 20 DC CD
R 00 00 00 06 00 03 00 06 00 05 00 06
T 00 21 3D 06 35 CD 04 32 CD
R 00 00 00 06 00 03 00 06 00 06 00 06
T 00 21 43 04 D9 CD 1A DB CD
R 00 00 00 06 00 03 00 06 00 06 00 06
T 00 21 49 04 CF CD 04 32 CD
R 00 00 00 06 00 03 00 06 00 06 00 06
T 00 21 4F 04 A2 CD 20 4D CD
R 00 00 00 06 00 03 00 06 00 06 00 06
T 00 21 55 04 96 CC 20 89
R 00 00 00 06 00 03 00 06 00 06 00 06
T 00 21 5A 21 2A 02 50 49
R 00 00 00 06 00 03 00 06
T 00 21 5F
R 00 00 00 06
T 00 21 5F 1D 00 04 90 AE 01 63 EF 02 90 AE 00 71
R 00 00 00 06
T 00 21 6C FF 81 21 5C 05 53 51 52 54 32
R 00 00 00 06 00 05 00 06
T 00 21 76
R 00 00 00 06
T 00 21 76 1D 00 04 90 AE 4C 91 EF 02 90 AE 36 24
R 00 00 00 06
T 00 21 83 FF 81 21 70 05 53 51 52 54 33
R 00 00 00 06 00 05 00 06
T 00 21 8D
R 00 00 00 06
T 00 21 8D 1D 00 04 90 AE 49 81 EF 02 90 AE 2A 70
R 00 00 00 06
T 00 21 9A FF 81 21 87 01 45
R 00 00 00 06 00 05 00 06
T 00 21 A0
R 00 00 00 06
T 00 21 A0 1D 00 04 90 AE 6F FB EF 02 90 AE 29 32
R 00 00 00 06
T 00 21 AD FF 81 21 9E 06 53 51 52 54 31 30
R 00 00 00 06 00 05 00 06
T 00 21 B8
R 00 00 00 06
T 00 21 B8 1D 00 04 90 AE 59 98 EF 02 90 AE 1C 55
R 00 00 00 06
T 00 21 C5 FF 81 21 B1 05 31 32 52 54 32
R 00 00 00 06 00 05 00 06
T 00 21 CF
R 00 00 00 06
T 00 21 CF 1D 00 04 90 AE 68 AD EF 02 90 AE 62 CD
R 00 00 00 06
T 00 21 DC FF 81 21 C9 05 4C 4F 47 32 53
R 00 00 00 06 00 05 00 06
T 00 21 E6
R 00 00 00 06
T 00 21 E6 1D 00 04 90 AE 07 F8 EF 02 90 AE 2B 5F
R 00 00 00 06
T 00 21 F3 FF 81 21 E0 04 4C 4E 32 53
R 00 00 00 06 00 05 00 06
T 00 21 FC
R 00 00 00 06
T 00 21 FC 1D 00 04 90 AE 01 E5 EF 02 90 AE 2C C8
R 00 00 00 06
T 00 22 09 FF 81 21 F7 06 43 41 4C 4C 4F 54
R 00 00 00 06 00 05 00 06
T 00 22 14
R 00 00 00 06
T 00 22 14 CD 06 35 CD 04 D9 CD
R 00 00 00 06 00 04 00 06 00 07 00 06
T 00 22 1B 04 32 CD 04 A2 CD
R 00 00 00 06 00 03 00 06 00 06 00 06
T 00 22 21 0A AA CD 1B 1E CD
R 00 00 00 06 00 03 00 06 00 06 00 06
T 00 22 27 04 83 CC 0A 3A
R 00 00 00 06 00 03 00 06 00 06 00 06
T 00 22 2C 22 0D 06 43 54 41 42 4C 45
R 00 00 00 06 00 03 00 06
T 00 22 35
R 00 00 00 06
T 00 22 35 CD 22 14 CC 18 16
R 00 00 00 06 00 04 00 06 00 07 00 06
T 00 22 3B 22 2E 06 57 54 41 42 4C 45
R 00 00 00 06 00 03 00 06
T 00 22 44
R 00 00 00 06
T 00 22 44 CD 09 C1 CD 22 14 CC
R 00 00 00 06 00 04 00 06 00 07 00 06
T 00 22 4B 18 16 22 3D 06 43 54 41 42 4C 40
R 00 00 00 06 00 03 00 06 00 05 00 06
T 00 22 56
R 00 00 00 06
T 00 22 56 CD 1A 61 CD 1B DC CC
R 00 00 00 06 00 04 00 06 00 07 00 06
T 00 22 5D 1C 19 22 4F 06 57 54 41 42 4C 40
R 00 00 00 06 00 03 00 06 00 05 00 06
T 00 22 68
R 00 00 00 06
T 00 22 68 CD 1A 61 CD 09 C1 CD
R 00 00 00 06 00 04 00 06 00 07 00 06
T 00 22 6F 1B DC CD 1B F7 81
R 00 00 00 06 00 03 00 06 00 06 00 06
T 00 22 75 22 61 06 43 54 49 4E 49 54
R 00 00 00 06 00 03 00 06
T 00 22 7E
R 00 00 00 06
T 00 22 7E CD 1A 61 CD 1B 88 CD
R 00 00 00 06 00 04 00 06 00 07 00 06
T 00 22 85 0A 3A CD 09 CE CD
R 00 00 00 06 00 03 00 06 00 06 00 06
T 00 22 8B 04 D9 CD 22 DA CD
R 00 00 00 06 00 03 00 06 00 06 00 06
T 00 22 91 03 E7 22 9D CD
R 00 00 00 06 00 03 00 06 00 05 00 06
T 00 22 96 1C 33 CD 03 FE
R 00 00 00 06 00 03 00 06 00 06 00 06
T 00 22 9B 22 87 CD 06 B4 CD
R 00 00 00 06 00 03 00 06 00 06 00 06
T 00 22 A1 1B B0 81 22 77 06 57 54 49 4E 49 54
R 00 00 00 06 00 03 00 06 00 06 00 06
T 00 22 AD
R 00 00 00 06
T 00 22 AD CD 1A 61 CD 1B 88 CD
R 00 00 00 06 00 04 00 06 00 07 00 06
T 00 22 B4 0A 3A CD 09 CE CD
R 00 00 00 06 00 03 00 06 00 06 00 06
T 00 22 BA 04 D9 CD 22 DA CD
R 00 00 00 06 00 03 00 06 00 06 00 06
T 00 22 C0 03 E7 22 CC CD
R 00 00 00 06 00 03 00 06 00 05 00 06
T 00 22 C5 1C 52 CD 03 FE
R 00 00 00 06 00 03 00 06 00 06 00 06
T 00 22 CA 22 B6 CD 06 B4 CD
R 00 00 00 06 00 03 00 06 00 06 00 06
T 00 22 D0 1B B0 81 22 A6 04 5B 4E 5D 3F
R 00 00 00 06 00 03 00 06 00 06 00 06
T 00 22 DA
R 00 00 00 06
T 00 22 DA CD 0E A0 CD 03 B4 00 5B CD
R 00 00 00 06 00 04 00 06 00 07 00 06
T 00 22 E3 03 9E CD 0F 3B CD
R 00 00 00 06 00 03 00 06 00 06 00 06
T 00 22 E9 0E DF 03 5D 3F 20 CD 12 87 CD
R 00 00 00 06 00 03 00 06 00 0A 00 06
T 00 22 F3 10 B2 CC 0D 4D
R 00 00 00 06 00 03 00 06 00 06 00 06
T 00 23 00
R 00 00 00 06
T 00 23 00
R 00 00 00 06
